{"header":1432778632,"droneState":{"flying":0,"videoEnabled":0,"visionEnabled":0,"controlAlgorithm":0,"altitudeControlAlgorithm":1,"startButtonState":0,"controlCommandAck":0,"cameraReady":1,"travellingEnabled":0,"usbReady":0,"navdataDemo":1,"navdataBootstrap":0,"motorProblem":0,"communicationLost":0,"softwareFault":0,"lowBattery":0,"userEmergencyLanding":0,"timerElapsed":0,"MagnometerNeedsCalibration":1,"anglesOutOfRange":0,"tooMuchWind":0,"ultrasonicSensorDeaf":0,"cutoutDetected":0,"picVersionNumberOk":1,"atCodecThreadOn":1,"navdataThreadOn":1,"videoThreadOn":0,"acquisitionThreadOn":1,"controlWatchdogDelay":0,"adcWatchdogDelay":0,"comWatchdogProblem":1,"emergencyLanding":0},"sequenceNumber":4130,"visionFlag":0,"demo":{"controlState":"CTRL_LANDED","flyState":"FLYING_OK","batteryPercentage":83,"rotation":{"frontBack":1.968,"pitch":1.968,"theta":1.968,"y":1.968,"leftRight":-0.694,"roll":-0.694,"phi":-0.694,"x":-0.694,"clockwise":-0.504,"yaw":-0.504,"psi":-0.504,"z":-0.504},"frontBackDegrees":1.968,"leftRightDegrees":-0.694,"clockwiseDegrees":-0.504,"altitude":0,"altitudeMeters":0,"velocity":{"x":0,"y":0,"z":0},"xVelocity":0,"yVelocity":0,"zVelocity":0,"frameIndex":0,"detection":{"camera":{"rotation":{"m11":0,"m12":0,"m13":0,"m21":0,"m22":0,"m23":0,"m31":0,"m32":0,"m33":0},"translation":{"x":0,"y":0,"z":0},"type":3},"tagIndex":0},"drone":{"camera":{"rotation":{"m11":0.9993709921836853,"m12":0.00838910136371851,"m13":0.03445541858673096,"m21":-0.008800745941698551,"m22":0.999891459941864,"m23":0.01181295420974493,"m31":-0.03435257822275162,"m32":-0.012108757160604,"m33":0.9993363618850708},"translation":{"x":0,"y":0,"z":-234}}}},"visionDetect":{"nbDetected":0,"type":[0,0,0,0],"xc":[0,0,0,0],"yc":[0,0,0,0],"width":[0,0,0,0],"height":[0,0,0,0],"dist":[0,0,0,0],"orientationAngle":[0,0,0,0],"rotation":[{"m11":0,"m12":0,"m13":0,"m21":0,"m22":0,"m23":0,"m31":0,"m32":0,"m33":0},{"m11":0,"m12":0,"m13":0,"m21":0,"m22":0,"m23":0,"m31":0,"m32":0,"m33":0},{"m11":0,"m12":0,"m13":0,"m21":0,"m22":0,"m23":0,"m31":0,"m32":0,"m33":0},{"m11":0,"m12":0,"m13":0,"m21":0,"m22":0,"m23":0,"m31":0,"m32":0,"m33":0}],"translation":[{"x":0,"y":0,"z":0},{"x":0,"y":0,"z":0},{"x":0,"y":0,"z":0},{"x":0,"y":0,"z":0}],"cameraSource":[0,0,0,0]},"timeDelta":9}
{"header":1432778632,"droneState":{"flying":0,"videoEnabled":0,"visionEnabled":0,"controlAlgorithm":0,"altitudeControlAlgorithm":1,"startButtonState":0,"controlCommandAck":0,"cameraReady":1,"travellingEnabled":0,"usbReady":0,"navdataDemo":1,"navdataBootstrap":0,"motorProblem":0,"communicationLost":0,"softwareFault":0,"lowBattery":0,"userEmergencyLanding":0,"timerElapsed":0,"MagnometerNeedsCalibration":1,"anglesOutOfRange":0,"tooMuchWind":0,"ultrasonicSensorDeaf":0,"cutoutDetected":0,"picVersionNumberOk":1,"atCodecThreadOn":1,"navdataThreadOn":1,"videoThreadOn":0,"acquisitionThreadOn":1,"controlWatchdogDelay":0,"adcWatchdogDelay":0,"comWatchdogProblem":0,"emergencyLanding":0},"sequenceNumber":4133,"visionFlag":0,"demo":{"controlState":"CTRL_LANDED","flyState":"FLYING_OK","batteryPercentage":83,"rotation":{"frontBack":1.978,"pitch":1.978,"theta":1.978,"y":1.978,"leftRight":-0.69,"roll":-0.69,"phi":-0.69,"x":-0.69,"clockwise":-0.506,"yaw":-0.506,"psi":-0.506,"z":-0.506},"frontBackDegrees":1.978,"leftRightDegrees":-0.69,"clockwiseDegrees":-0.506,"altitude":0,"altitudeMeters":0,"velocity":{"x":0,"y":0,"z":0},"xVelocity":0,"yVelocity":0,"zVelocity":0,"frameIndex":0,"detection":{"camera":{"rotation":{"m11":0,"m12":0,"m13":0,"m21":0,"m22":0,"m23":0,"m31":0,"m32":0,"m33":0},"translation":{"x":0,"y":0,"z":0},"type":3},"tagIndex":0},"drone":{"camera":{"rotation":{"m11":0.9993648529052734,"m12":0.008419307880103588,"m13":0.03462688624858856,"m21":-0.008830598555505276,"m22":0.9998920559883118,"m23":0.011742067523300648,"m31":-0.03452429175376892,"m32":-0.01204038504511118,"m33":0.9993312954902649},"translation":{"x":0,"y":0,"z":-234}}}},"visionDetect":{"nbDetected":0,"type":[0,0,0,0],"xc":[0,0,0,0],"yc":[0,0,0,0],"width":[0,0,0,0],"height":[0,0,0,0],"dist":[0,0,0,0],"orientationAngle":[0,0,0,0],"rotation":[{"m11":0,"m12":0,"m13":0,"m21":0,"m22":0,"m23":0,"m31":0,"m32":0,"m33":0},{"m11":0,"m12":0,"m13":0,"m21":0,"m22":0,"m23":0,"m31":0,"m32":0,"m33":0},{"m11":0,"m12":0,"m13":0,"m21":0,"m22":0,"m23":0,"m31":0,"m32":0,"m33":0},{"m11":0,"m12":0,"m13":0,"m21":0,"m22":0,"m23":0,"m31":0,"m32":0,"m33":0}],"translation":[{"x":0,"y":0,"z":0},{"x":0,"y":0,"z":0},{"x":0,"y":0,"z":0},{"x":0,"y":0,"z":0}],"cameraSource":[0,0,0,0]},"timeDelta":13}
{"header":1432778632,"droneState":{"flying":0,"videoEnabled":0,"visionEnabled":0,"controlAlgorithm":0,"altitudeControlAlgorithm":1,"startButtonState":0,"controlCommandAck":0,"cameraReady":1,"travellingEnabled":0,"usbReady":0,"navdataDemo":1,"navdataBootstrap":0,"motorProblem":0,"communicationLost":0,"softwareFault":0,"lowBattery":0,"userEmergencyLanding":0,"timerElapsed":0,"MagnometerNeedsCalibration":1,"anglesOutOfRange":0,"tooMuchWind":0,"ultrasonicSensorDeaf":0,"cutoutDetected":0,"picVersionNumberOk":1,"atCodecThreadOn":1,"navdataThreadOn":1,"videoThreadOn":0,"acquisitionThreadOn":1,"controlWatchdogDelay":0,"adcWatchdogDelay":0,"comWatchdogProblem":0,"emergencyLanding":0},"sequenceNumber":4134,"visionFlag":0,"demo":{"controlState":"CTRL_LANDED","flyState":"FLYING_OK","batteryPercentage":83,"rotation":{"frontBack":1.981,"pitch":1.981,"theta":1.981,"y":1.981,"leftRight":-0.684,"roll":-0.684,"phi":-0.684,"x":-0.684,"clockwise":-0.51,"yaw":-0.51,"psi":-0.51,"z":-0.51},"frontBackDegrees":1.981,"leftRightDegrees":-0.684,"clockwiseDegrees":-0.51,"altitude":0,"altitudeMeters":0,"velocity":{"x":0,"y":0,"z":0},"xVelocity":0,"yVelocity":0,"zVelocity":0,"frameIndex":0,"detection":{"camera":{"rotation":{"m11":0,"m12":0,"m13":0,"m21":0,"m22":0,"m23":0,"m31":0,"m32":0,"m33":0},"translation":{"x":0,"y":0,"z":0},"type":3},"tagIndex":0},"drone":{"camera":{"rotation":{"m11":0.9993627071380615,"m12":0.008488766849040985,"m13":0.03467118740081787,"m21":-0.008897140622138977,"m22":0.9998926520347595,"m23":0.01164122112095356,"m31":-0.03456864506006241,"m32":-0.011942276731133461,"m33":0.9993309378623962},"translation":{"x":0,"y":0,"z":-235}}}},"visionDetect":{"nbDetected":0,"type":[0,0,0,0],"xc":[0,0,0,0],"yc":[0,0,0,0],"width":[0,0,0,0],"height":[0,0,0,0],"dist":[0,0,0,0],"orientationAngle":[0,0,0,0],"rotation":[{"m11":0,"m12":0,"m13":0,"m21":0,"m22":0,"m23":0,"m31":0,"m32":0,"m33":0},{"m11":0,"m12":0,"m13":0,"m21":0,"m22":0,"m23":0,"m31":0,"m32":0,"m33":0},{"m11":0,"m12":0,"m13":0,"m21":0,"m22":0,"m23":0,"m31":0,"m32":0,"m33":0},{"m11":0,"m12":0,"m13":0,"m21":0,"m22":0,"m23":0,"m31":0,"m32":0,"m33":0}],"translation":[{"x":0,"y":0,"z":0},{"x":0,"y":0,"z":0},{"x":0,"y":0,"z":0},{"x":0,"y":0,"z":0}],"cameraSource":[0,0,0,0]},"timeDelta":65}
{"header":1432778632,"droneState":{"flying":0,"videoEnabled":0,"visionEnabled":0,"controlAlgorithm":0,"altitudeControlAlgorithm":1,"startButtonState":0,"controlCommandAck":0,"cameraReady":1,"travellingEnabled":0,"usbReady":0,"navdataDemo":1,"navdataBootstrap":0,"motorProblem":0,"communicationLost":0,"softwareFault":0,"lowBattery":0,"userEmergencyLanding":0,"timerElapsed":0,"MagnometerNeedsCalibration":1,"anglesOutOfRange":0,"tooMuchWind":0,"ultrasonicSensorDeaf":0,"cutoutDetected":0,"picVersionNumberOk":1,"atCodecThreadOn":1,"navdataThreadOn":1,"videoThreadOn":0,"acquisitionThreadOn":1,"controlWatchdogDelay":0,"adcWatchdogDelay":0,"comWatchdogProblem":0,"emergencyLanding":0},"sequenceNumber":4135,"visionFlag":0,"demo":{"controlState":"CTRL_LANDED","flyState":"FLYING_OK","batteryPercentage":83,"rotation":{"frontBack":1.994,"pitch":1.994,"theta":1.994,"y":1.994,"leftRight":-0.684,"roll":-0.684,"phi":-0.684,"x":-0.684,"clockwise":-0.511,"yaw":-0.511,"psi":-0.511,"z":-0.511},"frontBackDegrees":1.994,"leftRightDegrees":-0.684,"clockwiseDegrees":-0.511,"altitude":0,"altitudeMeters":0,"velocity":{"x":0,"y":0,"z":0},"xVelocity":0,"yVelocity":0,"zVelocity":0,"frameIndex":0,"detection":{"camera":{"rotation":{"m11":0,"m12":0,"m13":0,"m21":0,"m22":0,"m23":0,"m31":0,"m32":0,"m33":0},"translation":{"x":0,"y":0,"z":0},"type":3},"tagIndex":0},"drone":{"camera":{"rotation":{"m11":0.9993544220924377,"m12":0.008506353944540024,"m13":0.03490547463297844,"m21":-0.008917318657040596,"m22":0.99989253282547,"m23":0.011634918861091137,"m31":-0.03480275347828865,"m32":-0.011938671581447124,"m33":0.9993228912353516},"translation":{"x":0,"y":0,"z":-234}}}},"visionDetect":{"nbDetected":0,"type":[0,0,0,0],"xc":[0,0,0,0],"yc":[0,0,0,0],"width":[0,0,0,0],"height":[0,0,0,0],"dist":[0,0,0,0],"orientationAngle":[0,0,0,0],"rotation":[{"m11":0,"m12":0,"m13":0,"m21":0,"m22":0,"m23":0,"m31":0,"m32":0,"m33":0},{"m11":0,"m12":0,"m13":0,"m21":0,"m22":0,"m23":0,"m31":0,"m32":0,"m33":0},{"m11":0,"m12":0,"m13":0,"m21":0,"m22":0,"m23":0,"m31":0,"m32":0,"m33":0},{"m11":0,"m12":0,"m13":0,"m21":0,"m22":0,"m23":0,"m31":0,"m32":0,"m33":0}],"translation":[{"x":0,"y":0,"z":0},{"x":0,"y":0,"z":0},{"x":0,"y":0,"z":0},{"x":0,"y":0,"z":0}],"cameraSource":[0,0,0,0]},"timeDelta":65}
{"header":1432778632,"droneState":{"flying":0,"videoEnabled":0,"visionEnabled":0,"controlAlgorithm":0,"altitudeControlAlgorithm":1,"startButtonState":0,"controlCommandAck":0,"cameraReady":1,"travellingEnabled":0,"usbReady":0,"navdataDemo":1,"navdataBootstrap":0,"motorProblem":0,"communicationLost":0,"softwareFault":0,"lowBattery":0,"userEmergencyLanding":0,"timerElapsed":0,"MagnometerNeedsCalibration":1,"anglesOutOfRange":0,"tooMuchWind":0,"ultrasonicSensorDeaf":0,"cutoutDetected":0,"picVersionNumberOk":1,"atCodecThreadOn":1,"navdataThreadOn":1,"videoThreadOn":0,"acquisitionThreadOn":1,"controlWatchdogDelay":0,"adcWatchdogDelay":0,"comWatchdogProblem":0,"emergencyLanding":0},"sequenceNumber":4136,"visionFlag":0,"demo":{"controlState":"CTRL_LANDED","flyState":"FLYING_OK","batteryPercentage":83,"rotation":{"frontBack":1.992,"pitch":1.992,"theta":1.992,"y":1.992,"leftRight":-0.687,"roll":-0.687,"phi":-0.687,"x":-0.687,"clockwise":-0.512,"yaw":-0.512,"psi":-0.512,"z":-0.512},"frontBackDegrees":1.992,"leftRightDegrees":-0.687,"clockwiseDegrees":-0.512,"altitude":0,"altitudeMeters":0,"velocity":{"x":0,"y":0,"z":0},"xVelocity":0,"yVelocity":0,"zVelocity":0,"frameIndex":0,"detection":{"camera":{"rotation":{"m11":0,"m12":0,"m13":0,"m21":0,"m22":0,"m23":0,"m31":0,"m32":0,"m33":0},"translation":{"x":0,"y":0,"z":0},"type":3},"tagIndex":0},"drone":{"camera":{"rotation":{"m11":0.999355137348175,"m12":0.008522205986082554,"m13":0.034880757331848145,"m21":-0.008934958837926388,"m22":0.9998916983604431,"m23":0.011694549582898617,"m31":-0.034777313470840454,"m32":-0.011998665519058704,"m33":0.9993230104446411},"translation":{"x":0,"y":0,"z":-234}}}},"visionDetect":{"nbDetected":0,"type":[0,0,0,0],"xc":[0,0,0,0],"yc":[0,0,0,0],"width":[0,0,0,0],"height":[0,0,0,0],"dist":[0,0,0,0],"orientationAngle":[0,0,0,0],"rotation":[{"m11":0,"m12":0,"m13":0,"m21":0,"m22":0,"m23":0,"m31":0,"m32":0,"m33":0},{"m11":0,"m12":0,"m13":0,"m21":0,"m22":0,"m23":0,"m31":0,"m32":0,"m33":0},{"m11":0,"m12":0,"m13":0,"m21":0,"m22":0,"m23":0,"m31":0,"m32":0,"m33":0},{"m11":0,"m12":0,"m13":0,"m21":0,"m22":0,"m23":0,"m31":0,"m32":0,"m33":0}],"translation":[{"x":0,"y":0,"z":0},{"x":0,"y":0,"z":0},{"x":0,"y":0,"z":0},{"x":0,"y":0,"z":0}],"cameraSource":[0,0,0,0]},"timeDelta":65}
{"header":1432778632,"droneState":{"flying":0,"videoEnabled":0,"visionEnabled":0,"controlAlgorithm":0,"altitudeControlAlgorithm":1,"startButtonState":0,"controlCommandAck":0,"cameraReady":1,"travellingEnabled":0,"usbReady":0,"navdataDemo":1,"navdataBootstrap":0,"motorProblem":0,"communicationLost":0,"softwareFault":0,"lowBattery":0,"userEmergencyLanding":0,"timerElapsed":0,"MagnometerNeedsCalibration":1,"anglesOutOfRange":0,"tooMuchWind":0,"ultrasonicSensorDeaf":0,"cutoutDetected":0,"picVersionNumberOk":1,"atCodecThreadOn":1,"navdataThreadOn":1,"videoThreadOn":0,"acquisitionThreadOn":1,"controlWatchdogDelay":0,"adcWatchdogDelay":0,"comWatchdogProblem":0,"emergencyLanding":0},"sequenceNumber":4137,"visionFlag":0,"demo":{"controlState":"CTRL_LANDED","flyState":"FLYING_OK","batteryPercentage":83,"rotation":{"frontBack":2,"pitch":2,"theta":2,"y":2,"leftRight":-0.693,"roll":-0.693,"phi":-0.693,"x":-0.693,"clockwise":-0.515,"yaw":-0.515,"psi":-0.515,"z":-0.515},"frontBackDegrees":2,"leftRightDegrees":-0.693,"clockwiseDegrees":-0.515,"altitude":0,"altitudeMeters":0,"velocity":{"x":0,"y":0,"z":0},"xVelocity":0,"yVelocity":0,"zVelocity":0,"frameIndex":0,"detection":{"camera":{"rotation":{"m11":0,"m12":0,"m13":0,"m21":0,"m22":0,"m23":0,"m31":0,"m32":0,"m33":0},"translation":{"x":0,"y":0,"z":0},"type":3},"tagIndex":0},"drone":{"camera":{"rotation":{"m11":0.9993503093719482,"m12":0.008565736003220081,"m13":0.03500800579786301,"m21":-0.008983259089291096,"m22":0.9998902082443237,"m23":0.011786649003624916,"m31":-0.03490319848060608,"m32":-0.012093476951122284,"m33":0.9993175268173218},"translation":{"x":0,"y":0,"z":-234}}}},"visionDetect":{"nbDetected":0,"type":[0,0,0,0],"xc":[0,0,0,0],"yc":[0,0,0,0],"width":[0,0,0,0],"height":[0,0,0,0],"dist":[0,0,0,0],"orientationAngle":[0,0,0,0],"rotation":[{"m11":0,"m12":0,"m13":0,"m21":0,"m22":0,"m23":0,"m31":0,"m32":0,"m33":0},{"m11":0,"m12":0,"m13":0,"m21":0,"m22":0,"m23":0,"m31":0,"m32":0,"m33":0},{"m11":0,"m12":0,"m13":0,"m21":0,"m22":0,"m23":0,"m31":0,"m32":0,"m33":0},{"m11":0,"m12":0,"m13":0,"m21":0,"m22":0,"m23":0,"m31":0,"m32":0,"m33":0}],"translation":[{"x":0,"y":0,"z":0},{"x":0,"y":0,"z":0},{"x":0,"y":0,"z":0},{"x":0,"y":0,"z":0}],"cameraSource":[0,0,0,0]},"timeDelta":65}
{"header":1432778632,"droneState":{"flying":0,"videoEnabled":0,"visionEnabled":0,"controlAlgorithm":0,"altitudeControlAlgorithm":1,"startButtonState":0,"controlCommandAck":0,"cameraReady":1,"travellingEnabled":0,"usbReady":0,"navdataDemo":1,"navdataBootstrap":0,"motorProblem":0,"communicationLost":0,"softwareFault":0,"lowBattery":0,"userEmergencyLanding":0,"timerElapsed":0,"MagnometerNeedsCalibration":1,"anglesOutOfRange":0,"tooMuchWind":0,"ultrasonicSensorDeaf":0,"cutoutDetected":0,"picVersionNumberOk":1,"atCodecThreadOn":1,"navdataThreadOn":1,"videoThreadOn":0,"acquisitionThreadOn":1,"controlWatchdogDelay":0,"adcWatchdogDelay":0,"comWatchdogProblem":0,"emergencyLanding":0},"sequenceNumber":4138,"visionFlag":0,"demo":{"controlState":"CTRL_LANDED","flyState":"FLYING_OK","batteryPercentage":83,"rotation":{"frontBack":2.013,"pitch":2.013,"theta":2.013,"y":2.013,"leftRight":-0.699,"roll":-0.699,"phi":-0.699,"x":-0.699,"clockwise":-0.516,"yaw":-0.516,"psi":-0.516,"z":-0.516},"frontBackDegrees":2.013,"leftRightDegrees":-0.699,"clockwiseDegrees":-0.516,"altitude":0,"altitudeMeters":0,"velocity":{"x":0,"y":0,"z":0},"xVelocity":0,"yVelocity":0,"zVelocity":0,"frameIndex":0,"detection":{"camera":{"rotation":{"m11":0,"m12":0,"m13":0,"m21":0,"m22":0,"m23":0,"m31":0,"m32":0,"m33":0},"translation":{"x":0,"y":0,"z":0},"type":3},"tagIndex":0},"drone":{"camera":{"rotation":{"m11":0.9993419647216797,"m12":0.00858298223465681,"m13":0.035241853445768356,"m21":-0.009007166139781475,"m22":0.9998886585235596,"m23":0.011895288713276386,"m31":-0.03513583168387413,"m32":-0.012204890139400959,"m33":0.9993079900741577},"translation":{"x":0,"y":0,"z":-234}}}},"visionDetect":{"nbDetected":0,"type":[0,0,0,0],"xc":[0,0,0,0],"yc":[0,0,0,0],"width":[0,0,0,0],"height":[0,0,0,0],"dist":[0,0,0,0],"orientationAngle":[0,0,0,0],"rotation":[{"m11":0,"m12":0,"m13":0,"m21":0,"m22":0,"m23":0,"m31":0,"m32":0,"m33":0},{"m11":0,"m12":0,"m13":0,"m21":0,"m22":0,"m23":0,"m31":0,"m32":0,"m33":0},{"m11":0,"m12":0,"m13":0,"m21":0,"m22":0,"m23":0,"m31":0,"m32":0,"m33":0},{"m11":0,"m12":0,"m13":0,"m21":0,"m22":0,"m23":0,"m31":0,"m32":0,"m33":0}],"translation":[{"x":0,"y":0,"z":0},{"x":0,"y":0,"z":0},{"x":0,"y":0,"z":0},{"x":0,"y":0,"z":0}],"cameraSource":[0,0,0,0]},"timeDelta":65}
{"header":1432778632,"droneState":{"flying":0,"videoEnabled":0,"visionEnabled":0,"controlAlgorithm":0,"altitudeControlAlgorithm":1,"startButtonState":0,"controlCommandAck":0,"cameraReady":1,"travellingEnabled":0,"usbReady":0,"navdataDemo":1,"navdataBootstrap":0,"motorProblem":0,"communicationLost":0,"softwareFault":0,"lowBattery":0,"userEmergencyLanding":0,"timerElapsed":0,"MagnometerNeedsCalibration":1,"anglesOutOfRange":0,"tooMuchWind":0,"ultrasonicSensorDeaf":0,"cutoutDetected":0,"picVersionNumberOk":1,"atCodecThreadOn":1,"navdataThreadOn":1,"videoThreadOn":0,"acquisitionThreadOn":1,"controlWatchdogDelay":0,"adcWatchdogDelay":0,"comWatchdogProblem":0,"emergencyLanding":0},"sequenceNumber":4139,"visionFlag":0,"demo":{"controlState":"CTRL_LANDED","flyState":"FLYING_OK","batteryPercentage":83,"rotation":{"frontBack":2.012,"pitch":2.012,"theta":2.012,"y":2.012,"leftRight":-0.698,"roll":-0.698,"phi":-0.698,"x":-0.698,"clockwise":-0.518,"yaw":-0.518,"psi":-0.518,"z":-0.518},"frontBackDegrees":2.012,"leftRightDegrees":-0.698,"clockwiseDegrees":-0.518,"altitude":0,"altitudeMeters":0,"velocity":{"x":0,"y":0,"z":0},"xVelocity":0,"yVelocity":0,"zVelocity":0,"frameIndex":0,"detection":{"camera":{"rotation":{"m11":0,"m12":0,"m13":0,"m21":0,"m22":0,"m23":0,"m31":0,"m32":0,"m33":0},"translation":{"x":0,"y":0,"z":0},"type":3},"tagIndex":0},"drone":{"camera":{"rotation":{"m11":0.9993423223495483,"m12":0.00861482322216034,"m13":0.03522362932562828,"m21":-0.009038060903549194,"m22":0.9998886585235596,"m23":0.011874202638864517,"m31":-0.035117413848638535,"m32":-0.0121847465634346,"m33":0.9993089437484741},"translation":{"x":0,"y":0,"z":-235}}}},"visionDetect":{"nbDetected":0,"type":[0,0,0,0],"xc":[0,0,0,0],"yc":[0,0,0,0],"width":[0,0,0,0],"height":[0,0,0,0],"dist":[0,0,0,0],"orientationAngle":[0,0,0,0],"rotation":[{"m11":0,"m12":0,"m13":0,"m21":0,"m22":0,"m23":0,"m31":0,"m32":0,"m33":0},{"m11":0,"m12":0,"m13":0,"m21":0,"m22":0,"m23":0,"m31":0,"m32":0,"m33":0},{"m11":0,"m12":0,"m13":0,"m21":0,"m22":0,"m23":0,"m31":0,"m32":0,"m33":0},{"m11":0,"m12":0,"m13":0,"m21":0,"m22":0,"m23":0,"m31":0,"m32":0,"m33":0}],"translation":[{"x":0,"y":0,"z":0},{"x":0,"y":0,"z":0},{"x":0,"y":0,"z":0},{"x":0,"y":0,"z":0}],"cameraSource":[0,0,0,0]},"timeDelta":65}
{"header":1432778632,"droneState":{"flying":0,"videoEnabled":0,"visionEnabled":0,"controlAlgorithm":0,"altitudeControlAlgorithm":1,"startButtonState":0,"controlCommandAck":0,"cameraReady":1,"travellingEnabled":0,"usbReady":0,"navdataDemo":1,"navdataBootstrap":0,"motorProblem":0,"communicationLost":0,"softwareFault":0,"lowBattery":0,"userEmergencyLanding":0,"timerElapsed":0,"MagnometerNeedsCalibration":1,"anglesOutOfRange":0,"tooMuchWind":0,"ultrasonicSensorDeaf":0,"cutoutDetected":0,"picVersionNumberOk":1,"atCodecThreadOn":1,"navdataThreadOn":1,"videoThreadOn":0,"acquisitionThreadOn":1,"controlWatchdogDelay":0,"adcWatchdogDelay":0,"comWatchdogProblem":0,"emergencyLanding":0},"sequenceNumber":4140,"visionFlag":0,"demo":{"controlState":"CTRL_LANDED","flyState":"FLYING_OK","batteryPercentage":83,"rotation":{"frontBack":2.005,"pitch":2.005,"theta":2.005,"y":2.005,"leftRight":-0.704,"roll":-0.704,"phi":-0.704,"x":-0.704,"clockwise":-0.52,"yaw":-0.52,"psi":-0.52,"z":-0.52},"frontBackDegrees":2.005,"leftRightDegrees":-0.704,"clockwiseDegrees":-0.52,"altitude":0,"altitudeMeters":0,"velocity":{"x":0,"y":0,"z":0},"xVelocity":0,"yVelocity":0,"zVelocity":0,"frameIndex":0,"detection":{"camera":{"rotation":{"m11":0,"m12":0,"m13":0,"m21":0,"m22":0,"m23":0,"m31":0,"m32":0,"m33":0},"translation":{"x":0,"y":0,"z":0},"type":3},"tagIndex":0},"drone":{"camera":{"rotation":{"m11":0.9993461966514587,"m12":0.008645462803542614,"m13":0.03510719910264015,"m21":-0.009070799686014652,"m22":0.9998871684074402,"m23":0.011974210850894451,"m31":-0.03499971702694893,"m32":-0.012284831143915653,"m33":0.9993118047714233},"translation":{"x":0,"y":0,"z":-234}}}},"visionDetect":{"nbDetected":0,"type":[0,0,0,0],"xc":[0,0,0,0],"yc":[0,0,0,0],"width":[0,0,0,0],"height":[0,0,0,0],"dist":[0,0,0,0],"orientationAngle":[0,0,0,0],"rotation":[{"m11":0,"m12":0,"m13":0,"m21":0,"m22":0,"m23":0,"m31":0,"m32":0,"m33":0},{"m11":0,"m12":0,"m13":0,"m21":0,"m22":0,"m23":0,"m31":0,"m32":0,"m33":0},{"m11":0,"m12":0,"m13":0,"m21":0,"m22":0,"m23":0,"m31":0,"m32":0,"m33":0},{"m11":0,"m12":0,"m13":0,"m21":0,"m22":0,"m23":0,"m31":0,"m32":0,"m33":0}],"translation":[{"x":0,"y":0,"z":0},{"x":0,"y":0,"z":0},{"x":0,"y":0,"z":0},{"x":0,"y":0,"z":0}],"cameraSource":[0,0,0,0]},"timeDelta":66}
{"header":1432778632,"droneState":{"flying":0,"videoEnabled":0,"visionEnabled":0,"controlAlgorithm":0,"altitudeControlAlgorithm":1,"startButtonState":0,"controlCommandAck":0,"cameraReady":1,"travellingEnabled":0,"usbReady":0,"navdataDemo":1,"navdataBootstrap":0,"motorProblem":0,"communicationLost":0,"softwareFault":0,"lowBattery":0,"userEmergencyLanding":0,"timerElapsed":0,"MagnometerNeedsCalibration":1,"anglesOutOfRange":0,"tooMuchWind":0,"ultrasonicSensorDeaf":0,"cutoutDetected":0,"picVersionNumberOk":1,"atCodecThreadOn":1,"navdataThreadOn":1,"videoThreadOn":0,"acquisitionThreadOn":1,"controlWatchdogDelay":0,"adcWatchdogDelay":0,"comWatchdogProblem":0,"emergencyLanding":0},"sequenceNumber":4141,"visionFlag":0,"demo":{"controlState":"CTRL_LANDED","flyState":"FLYING_OK","batteryPercentage":83,"rotation":{"frontBack":2.001,"pitch":2.001,"theta":2.001,"y":2.001,"leftRight":-0.711,"roll":-0.711,"phi":-0.711,"x":-0.711,"clockwise":-0.523,"yaw":-0.523,"psi":-0.523,"z":-0.523},"frontBackDegrees":2.001,"leftRightDegrees":-0.711,"clockwiseDegrees":-0.523,"altitude":0,"altitudeMeters":0,"velocity":{"x":0,"y":0,"z":0},"xVelocity":0,"yVelocity":0,"zVelocity":0,"frameIndex":0,"detection":{"camera":{"rotation":{"m11":0,"m12":0,"m13":0,"m21":0,"m22":0,"m23":0,"m31":0,"m32":0,"m33":0},"translation":{"x":0,"y":0,"z":0},"type":3},"tagIndex":0},"drone":{"camera":{"rotation":{"m11":0.999348521232605,"m12":0.008693388663232327,"m13":0.035027362406253815,"m21":-0.009122353978455067,"m22":0.999885082244873,"m23":0.01210541371256113,"m31":-0.03491809964179993,"m32":-0.012417060323059559,"m33":0.9993129968643188},"translation":{"x":0,"y":0,"z":-235}}}},"visionDetect":{"nbDetected":0,"type":[0,0,0,0],"xc":[0,0,0,0],"yc":[0,0,0,0],"width":[0,0,0,0],"height":[0,0,0,0],"dist":[0,0,0,0],"orientationAngle":[0,0,0,0],"rotation":[{"m11":0,"m12":0,"m13":0,"m21":0,"m22":0,"m23":0,"m31":0,"m32":0,"m33":0},{"m11":0,"m12":0,"m13":0,"m21":0,"m22":0,"m23":0,"m31":0,"m32":0,"m33":0},{"m11":0,"m12":0,"m13":0,"m21":0,"m22":0,"m23":0,"m31":0,"m32":0,"m33":0},{"m11":0,"m12":0,"m13":0,"m21":0,"m22":0,"m23":0,"m31":0,"m32":0,"m33":0}],"translation":[{"x":0,"y":0,"z":0},{"x":0,"y":0,"z":0},{"x":0,"y":0,"z":0},{"x":0,"y":0,"z":0}],"cameraSource":[0,0,0,0]},"timeDelta":65}
{"header":1432778632,"droneState":{"flying":0,"videoEnabled":0,"visionEnabled":0,"controlAlgorithm":0,"altitudeControlAlgorithm":1,"startButtonState":0,"controlCommandAck":0,"cameraReady":1,"travellingEnabled":0,"usbReady":0,"navdataDemo":1,"navdataBootstrap":0,"motorProblem":0,"communicationLost":0,"softwareFault":0,"lowBattery":0,"userEmergencyLanding":0,"timerElapsed":0,"MagnometerNeedsCalibration":1,"anglesOutOfRange":0,"tooMuchWind":0,"ultrasonicSensorDeaf":0,"cutoutDetected":0,"picVersionNumberOk":1,"atCodecThreadOn":1,"navdataThreadOn":1,"videoThreadOn":0,"acquisitionThreadOn":1,"controlWatchdogDelay":0,"adcWatchdogDelay":0,"comWatchdogProblem":0,"emergencyLanding":0},"sequenceNumber":4142,"visionFlag":0,"demo":{"controlState":"CTRL_LANDED","flyState":"FLYING_OK","batteryPercentage":83,"rotation":{"frontBack":2.002,"pitch":2.002,"theta":2.002,"y":2.002,"leftRight":-0.709,"roll":-0.709,"phi":-0.709,"x":-0.709,"clockwise":-0.523,"yaw":-0.523,"psi":-0.523,"z":-0.523},"frontBackDegrees":2.002,"leftRightDegrees":-0.709,"clockwiseDegrees":-0.523,"altitude":0,"altitudeMeters":0,"velocity":{"x":0,"y":0,"z":0},"xVelocity":0,"yVelocity":0,"zVelocity":0,"frameIndex":0,"detection":{"camera":{"rotation":{"m11":0,"m12":0,"m13":0,"m21":0,"m22":0,"m23":0,"m31":0,"m32":0,"m33":0},"translation":{"x":0,"y":0,"z":0},"type":3},"tagIndex":0},"drone":{"camera":{"rotation":{"m11":0.9993476271629333,"m12":0.008701212704181671,"m13":0.03505172207951546,"m21":-0.009128708392381668,"m22":0.9998856782913208,"m23":0.01205462496727705,"m31":-0.03494282439351082,"m32":-0.012366737239062786,"m33":0.9993128180503845},"translation":{"x":0,"y":0,"z":-234}}}},"visionDetect":{"nbDetected":0,"type":[0,0,0,0],"xc":[0,0,0,0],"yc":[0,0,0,0],"width":[0,0,0,0],"height":[0,0,0,0],"dist":[0,0,0,0],"orientationAngle":[0,0,0,0],"rotation":[{"m11":0,"m12":0,"m13":0,"m21":0,"m22":0,"m23":0,"m31":0,"m32":0,"m33":0},{"m11":0,"m12":0,"m13":0,"m21":0,"m22":0,"m23":0,"m31":0,"m32":0,"m33":0},{"m11":0,"m12":0,"m13":0,"m21":0,"m22":0,"m23":0,"m31":0,"m32":0,"m33":0},{"m11":0,"m12":0,"m13":0,"m21":0,"m22":0,"m23":0,"m31":0,"m32":0,"m33":0}],"translation":[{"x":0,"y":0,"z":0},{"x":0,"y":0,"z":0},{"x":0,"y":0,"z":0},{"x":0,"y":0,"z":0}],"cameraSource":[0,0,0,0]},"timeDelta":66}
{"header":1432778632,"droneState":{"flying":0,"videoEnabled":0,"visionEnabled":0,"controlAlgorithm":0,"altitudeControlAlgorithm":1,"startButtonState":0,"controlCommandAck":0,"cameraReady":1,"travellingEnabled":0,"usbReady":0,"navdataDemo":1,"navdataBootstrap":0,"motorProblem":0,"communicationLost":0,"softwareFault":0,"lowBattery":0,"userEmergencyLanding":0,"timerElapsed":0,"MagnometerNeedsCalibration":1,"anglesOutOfRange":0,"tooMuchWind":0,"ultrasonicSensorDeaf":0,"cutoutDetected":0,"picVersionNumberOk":1,"atCodecThreadOn":1,"navdataThreadOn":1,"videoThreadOn":0,"acquisitionThreadOn":1,"controlWatchdogDelay":0,"adcWatchdogDelay":0,"comWatchdogProblem":0,"emergencyLanding":0},"sequenceNumber":4143,"visionFlag":0,"demo":{"controlState":"CTRL_LANDED","flyState":"FLYING_OK","batteryPercentage":83,"rotation":{"frontBack":1.997,"pitch":1.997,"theta":1.997,"y":1.997,"leftRight":-0.719,"roll":-0.719,"phi":-0.719,"x":-0.719,"clockwise":-0.526,"yaw":-0.526,"psi":-0.526,"z":-0.526},"frontBackDegrees":1.997,"leftRightDegrees":-0.719,"clockwiseDegrees":-0.526,"altitude":0,"altitudeMeters":0,"velocity":{"x":0,"y":0,"z":0},"xVelocity":0,"yVelocity":0,"zVelocity":0,"frameIndex":0,"detection":{"camera":{"rotation":{"m11":0,"m12":0,"m13":0,"m21":0,"m22":0,"m23":0,"m31":0,"m32":0,"m33":0},"translation":{"x":0,"y":0,"z":0},"type":3},"tagIndex":0},"drone":{"camera":{"rotation":{"m11":0.9993501901626587,"m12":0.00874681118875742,"m13":0.03496761620044708,"m21":-0.009179648943245411,"m22":0.9998829960823059,"m23":0.012236936949193478,"m31":-0.034856490790843964,"m32":-0.012549974955618382,"m33":0.9993135333061218},"translation":{"x":0,"y":0,"z":-234}}}},"visionDetect":{"nbDetected":0,"type":[0,0,0,0],"xc":[0,0,0,0],"yc":[0,0,0,0],"width":[0,0,0,0],"height":[0,0,0,0],"dist":[0,0,0,0],"orientationAngle":[0,0,0,0],"rotation":[{"m11":0,"m12":0,"m13":0,"m21":0,"m22":0,"m23":0,"m31":0,"m32":0,"m33":0},{"m11":0,"m12":0,"m13":0,"m21":0,"m22":0,"m23":0,"m31":0,"m32":0,"m33":0},{"m11":0,"m12":0,"m13":0,"m21":0,"m22":0,"m23":0,"m31":0,"m32":0,"m33":0},{"m11":0,"m12":0,"m13":0,"m21":0,"m22":0,"m23":0,"m31":0,"m32":0,"m33":0}],"translation":[{"x":0,"y":0,"z":0},{"x":0,"y":0,"z":0},{"x":0,"y":0,"z":0},{"x":0,"y":0,"z":0}],"cameraSource":[0,0,0,0]},"timeDelta":64}
{"header":1432778632,"droneState":{"flying":0,"videoEnabled":0,"visionEnabled":0,"controlAlgorithm":0,"altitudeControlAlgorithm":1,"startButtonState":0,"controlCommandAck":0,"cameraReady":1,"travellingEnabled":0,"usbReady":0,"navdataDemo":1,"navdataBootstrap":0,"motorProblem":0,"communicationLost":0,"softwareFault":0,"lowBattery":0,"userEmergencyLanding":0,"timerElapsed":0,"MagnometerNeedsCalibration":1,"anglesOutOfRange":0,"tooMuchWind":0,"ultrasonicSensorDeaf":0,"cutoutDetected":0,"picVersionNumberOk":1,"atCodecThreadOn":1,"navdataThreadOn":1,"videoThreadOn":0,"acquisitionThreadOn":1,"controlWatchdogDelay":0,"adcWatchdogDelay":0,"comWatchdogProblem":0,"emergencyLanding":0},"sequenceNumber":4144,"visionFlag":0,"demo":{"controlState":"CTRL_LANDED","flyState":"FLYING_OK","batteryPercentage":83,"rotation":{"frontBack":1.991,"pitch":1.991,"theta":1.991,"y":1.991,"leftRight":-0.713,"roll":-0.713,"phi":-0.713,"x":-0.713,"clockwise":-0.526,"yaw":-0.526,"psi":-0.526,"z":-0.526},"frontBackDegrees":1.991,"leftRightDegrees":-0.713,"clockwiseDegrees":-0.526,"altitude":0,"altitudeMeters":0,"velocity":{"x":0,"y":0,"z":0},"xVelocity":0,"yVelocity":0,"zVelocity":0,"frameIndex":0,"detection":{"camera":{"rotation":{"m11":0,"m12":0,"m13":0,"m21":0,"m22":0,"m23":0,"m31":0,"m32":0,"m33":0},"translation":{"x":0,"y":0,"z":0},"type":3},"tagIndex":0},"drone":{"camera":{"rotation":{"m11":0.99935382604599,"m12":0.008747349493205547,"m13":0.03486264869570732,"m21":-0.009174983017146587,"m22":0.9998843669891357,"m23":0.012125179171562195,"m31":-0.03475255146622658,"m32":-0.012437207624316216,"m33":0.999318540096283},"translation":{"x":0,"y":0,"z":-234}}}},"visionDetect":{"nbDetected":0,"type":[0,0,0,0],"xc":[0,0,0,0],"yc":[0,0,0,0],"width":[0,0,0,0],"height":[0,0,0,0],"dist":[0,0,0,0],"orientationAngle":[0,0,0,0],"rotation":[{"m11":0,"m12":0,"m13":0,"m21":0,"m22":0,"m23":0,"m31":0,"m32":0,"m33":0},{"m11":0,"m12":0,"m13":0,"m21":0,"m22":0,"m23":0,"m31":0,"m32":0,"m33":0},{"m11":0,"m12":0,"m13":0,"m21":0,"m22":0,"m23":0,"m31":0,"m32":0,"m33":0},{"m11":0,"m12":0,"m13":0,"m21":0,"m22":0,"m23":0,"m31":0,"m32":0,"m33":0}],"translation":[{"x":0,"y":0,"z":0},{"x":0,"y":0,"z":0},{"x":0,"y":0,"z":0},{"x":0,"y":0,"z":0}],"cameraSource":[0,0,0,0]},"timeDelta":66}
{"header":1432778632,"droneState":{"flying":0,"videoEnabled":0,"visionEnabled":0,"controlAlgorithm":0,"altitudeControlAlgorithm":1,"startButtonState":0,"controlCommandAck":0,"cameraReady":1,"travellingEnabled":0,"usbReady":0,"navdataDemo":1,"navdataBootstrap":0,"motorProblem":0,"communicationLost":0,"softwareFault":0,"lowBattery":0,"userEmergencyLanding":0,"timerElapsed":0,"MagnometerNeedsCalibration":1,"anglesOutOfRange":0,"tooMuchWind":0,"ultrasonicSensorDeaf":0,"cutoutDetected":0,"picVersionNumberOk":1,"atCodecThreadOn":1,"navdataThreadOn":1,"videoThreadOn":0,"acquisitionThreadOn":1,"controlWatchdogDelay":0,"adcWatchdogDelay":0,"comWatchdogProblem":1,"emergencyLanding":0},"sequenceNumber":4528,"visionFlag":0,"demo":{"controlState":"CTRL_LANDED","flyState":"FLYING_OK","batteryPercentage":83,"rotation":{"frontBack":2.036,"pitch":2.036,"theta":2.036,"y":2.036,"leftRight":-0.581,"roll":-0.581,"phi":-0.581,"x":-0.581,"clockwise":-0.989,"yaw":-0.989,"psi":-0.989,"z":-0.989},"frontBackDegrees":2.036,"leftRightDegrees":-0.581,"clockwiseDegrees":-0.989,"altitude":0,"altitudeMeters":0,"velocity":{"x":0,"y":0,"z":0},"xVelocity":0,"yVelocity":0,"zVelocity":0,"frameIndex":0,"detection":{"camera":{"rotation":{"m11":0,"m12":0,"m13":0,"m21":0,"m22":0,"m23":0,"m31":0,"m32":0,"m33":0},"translation":{"x":0,"y":0,"z":0},"type":3},"tagIndex":0},"drone":{"camera":{"rotation":{"m11":0.9992191791534424,"m12":0.016914695501327515,"m13":0.035706110298633575,"m21":-0.017265349626541138,"m22":0.9998054504394531,"m23":0.009535113349556923,"m31":-0.03553788363933563,"m32":-0.010144146159291267,"m33":0.9993168115615845},"translation":{"x":0,"y":0,"z":-234}}}},"visionDetect":{"nbDetected":0,"type":[0,0,0,0],"xc":[0,0,0,0],"yc":[0,0,0,0],"width":[0,0,0,0],"height":[0,0,0,0],"dist":[0,0,0,0],"orientationAngle":[0,0,0,0],"rotation":[{"m11":0,"m12":0,"m13":0,"m21":0,"m22":0,"m23":0,"m31":0,"m32":0,"m33":0},{"m11":0,"m12":0,"m13":0,"m21":0,"m22":0,"m23":0,"m31":0,"m32":0,"m33":0},{"m11":0,"m12":0,"m13":0,"m21":0,"m22":0,"m23":0,"m31":0,"m32":0,"m33":0},{"m11":0,"m12":0,"m13":0,"m21":0,"m22":0,"m23":0,"m31":0,"m32":0,"m33":0}],"translation":[{"x":0,"y":0,"z":0},{"x":0,"y":0,"z":0},{"x":0,"y":0,"z":0},{"x":0,"y":0,"z":0}],"cameraSource":[0,0,0,0]},"timeDelta":28}
{"header":1432778632,"droneState":{"flying":1,"videoEnabled":0,"visionEnabled":0,"controlAlgorithm":0,"altitudeControlAlgorithm":1,"startButtonState":1,"controlCommandAck":0,"cameraReady":1,"travellingEnabled":0,"usbReady":0,"navdataDemo":1,"navdataBootstrap":0,"motorProblem":0,"communicationLost":0,"softwareFault":0,"lowBattery":0,"userEmergencyLanding":0,"timerElapsed":0,"MagnometerNeedsCalibration":1,"anglesOutOfRange":0,"tooMuchWind":0,"ultrasonicSensorDeaf":0,"cutoutDetected":0,"picVersionNumberOk":1,"atCodecThreadOn":1,"navdataThreadOn":1,"videoThreadOn":0,"acquisitionThreadOn":1,"controlWatchdogDelay":0,"adcWatchdogDelay":0,"comWatchdogProblem":0,"emergencyLanding":0},"sequenceNumber":4531,"visionFlag":0,"demo":{"controlState":"CTRL_TRANS_GOTOFIX","flyState":"FLYING_OK","batteryPercentage":83,"rotation":{"frontBack":2.029,"pitch":2.029,"theta":2.029,"y":2.029,"leftRight":-0.585,"roll":-0.585,"phi":-0.585,"x":-0.585,"clockwise":-0.991,"yaw":-0.991,"psi":-0.991,"z":-0.991},"frontBackDegrees":2.029,"leftRightDegrees":-0.585,"clockwiseDegrees":-0.991,"altitude":0,"altitudeMeters":0,"velocity":{"x":-16.964643478393555,"y":-3.941861152648926,"z":0},"xVelocity":-16.964643478393555,"yVelocity":-3.941861152648926,"zVelocity":0,"frameIndex":0,"detection":{"camera":{"rotation":{"m11":0,"m12":0,"m13":0,"m21":0,"m22":0,"m23":0,"m31":0,"m32":0,"m33":0},"translation":{"x":0,"y":0,"z":0},"type":3},"tagIndex":0},"drone":{"camera":{"rotation":{"m11":0.9992228746414185,"m12":0.01694791577756405,"m13":0.03558608889579773,"m21":-0.017300056293606758,"m22":0.9998041391372681,"m23":0.009610917419195175,"m31":-0.03541623800992966,"m32":-0.010219089686870575,"m33":0.999320387840271},"translation":{"x":-0.8133907318115234,"y":-0.14950409531593323,"z":-235}}}},"visionDetect":{"nbDetected":0,"type":[0,0,0,0],"xc":[0,0,0,0],"yc":[0,0,0,0],"width":[0,0,0,0],"height":[0,0,0,0],"dist":[0,0,0,0],"orientationAngle":[0,0,0,0],"rotation":[{"m11":0,"m12":0,"m13":0,"m21":0,"m22":0,"m23":0,"m31":0,"m32":0,"m33":0},{"m11":0,"m12":0,"m13":0,"m21":0,"m22":0,"m23":0,"m31":0,"m32":0,"m33":0},{"m11":0,"m12":0,"m13":0,"m21":0,"m22":0,"m23":0,"m31":0,"m32":0,"m33":0},{"m11":0,"m12":0,"m13":0,"m21":0,"m22":0,"m23":0,"m31":0,"m32":0,"m33":0}],"translation":[{"x":0,"y":0,"z":0},{"x":0,"y":0,"z":0},{"x":0,"y":0,"z":0},{"x":0,"y":0,"z":0}],"cameraSource":[0,0,0,0]},"timeDelta":66}
{"header":1432778632,"droneState":{"flying":1,"videoEnabled":0,"visionEnabled":0,"controlAlgorithm":0,"altitudeControlAlgorithm":1,"startButtonState":1,"controlCommandAck":0,"cameraReady":1,"travellingEnabled":0,"usbReady":0,"navdataDemo":1,"navdataBootstrap":0,"motorProblem":0,"communicationLost":0,"softwareFault":0,"lowBattery":0,"userEmergencyLanding":0,"timerElapsed":0,"MagnometerNeedsCalibration":1,"anglesOutOfRange":0,"tooMuchWind":0,"ultrasonicSensorDeaf":0,"cutoutDetected":0,"picVersionNumberOk":1,"atCodecThreadOn":1,"navdataThreadOn":1,"videoThreadOn":0,"acquisitionThreadOn":1,"controlWatchdogDelay":0,"adcWatchdogDelay":0,"comWatchdogProblem":0,"emergencyLanding":0},"sequenceNumber":4532,"visionFlag":0,"demo":{"controlState":"CTRL_TRANS_GOTOFIX","flyState":"FLYING_OK","batteryPercentage":83,"rotation":{"frontBack":2.032,"pitch":2.032,"theta":2.032,"y":2.032,"leftRight":-0.589,"roll":-0.589,"phi":-0.589,"x":-0.589,"clockwise":-0.994,"yaw":-0.994,"psi":-0.994,"z":-0.994},"frontBackDegrees":2.032,"leftRightDegrees":-0.589,"clockwiseDegrees":-0.994,"altitude":0,"altitudeMeters":0,"velocity":{"x":-27.841144561767578,"y":-6.022212505340576,"z":0},"xVelocity":-27.841144561767578,"yVelocity":-6.022212505340576,"zVelocity":0,"frameIndex":0,"detection":{"camera":{"rotation":{"m11":0,"m12":0,"m13":0,"m21":0,"m22":0,"m23":0,"m31":0,"m32":0,"m33":0},"translation":{"x":0,"y":0,"z":0},"type":3},"tagIndex":0},"drone":{"camera":{"rotation":{"m11":0.9992203712463379,"m12":0.016992656514048576,"m13":0.03563521057367325,"m21":-0.01734776981174946,"m22":0.9998026490211487,"m23":0.009679845534265041,"m31":-0.035463690757751465,"m32":-0.01029048953205347,"m33":0.9993179440498352},"translation":{"x":-2.3226191997528076,"y":-0.4723025858402252,"z":-234}}}},"visionDetect":{"nbDetected":0,"type":[0,0,0,0],"xc":[0,0,0,0],"yc":[0,0,0,0],"width":[0,0,0,0],"height":[0,0,0,0],"dist":[0,0,0,0],"orientationAngle":[0,0,0,0],"rotation":[{"m11":0,"m12":0,"m13":0,"m21":0,"m22":0,"m23":0,"m31":0,"m32":0,"m33":0},{"m11":0,"m12":0,"m13":0,"m21":0,"m22":0,"m23":0,"m31":0,"m32":0,"m33":0},{"m11":0,"m12":0,"m13":0,"m21":0,"m22":0,"m23":0,"m31":0,"m32":0,"m33":0},{"m11":0,"m12":0,"m13":0,"m21":0,"m22":0,"m23":0,"m31":0,"m32":0,"m33":0}],"translation":[{"x":0,"y":0,"z":0},{"x":0,"y":0,"z":0},{"x":0,"y":0,"z":0},{"x":0,"y":0,"z":0}],"cameraSource":[0,0,0,0]},"timeDelta":66}
{"header":1432778632,"droneState":{"flying":1,"videoEnabled":0,"visionEnabled":0,"controlAlgorithm":0,"altitudeControlAlgorithm":1,"startButtonState":1,"controlCommandAck":0,"cameraReady":1,"travellingEnabled":0,"usbReady":0,"navdataDemo":1,"navdataBootstrap":0,"motorProblem":0,"communicationLost":0,"softwareFault":0,"lowBattery":0,"userEmergencyLanding":0,"timerElapsed":0,"MagnometerNeedsCalibration":1,"anglesOutOfRange":0,"tooMuchWind":0,"ultrasonicSensorDeaf":0,"cutoutDetected":0,"picVersionNumberOk":1,"atCodecThreadOn":1,"navdataThreadOn":1,"videoThreadOn":0,"acquisitionThreadOn":1,"controlWatchdogDelay":0,"adcWatchdogDelay":0,"comWatchdogProblem":0,"emergencyLanding":0},"sequenceNumber":4533,"visionFlag":0,"demo":{"controlState":"CTRL_TRANS_GOTOFIX","flyState":"FLYING_OK","batteryPercentage":83,"rotation":{"frontBack":2.035,"pitch":2.035,"theta":2.035,"y":2.035,"leftRight":-0.591,"roll":-0.591,"phi":-0.591,"x":-0.591,"clockwise":-0.996,"yaw":-0.996,"psi":-0.996,"z":-0.996},"frontBackDegrees":2.035,"leftRightDegrees":-0.591,"clockwiseDegrees":-0.996,"altitude":0,"altitudeMeters":0,"velocity":{"x":-38.09561538696289,"y":-8.377517700195312,"z":0},"xVelocity":-38.09561538696289,"yVelocity":-8.377517700195312,"zVelocity":0,"frameIndex":0,"detection":{"camera":{"rotation":{"m11":0,"m12":0,"m13":0,"m21":0,"m22":0,"m23":0,"m31":0,"m32":0,"m33":0},"translation":{"x":0,"y":0,"z":0},"type":3},"tagIndex":0},"drone":{"camera":{"rotation":{"m11":0.9992175698280334,"m12":0.017027251422405243,"m13":0.035698313266038895,"m21":-0.017384160310029984,"m22":0.999801754951477,"m23":0.009711475111544132,"m31":-0.03552587702870369,"m32":-0.010324462316930294,"m33":0.9993154406547546},"translation":{"x":-4.503643989562988,"y":-0.9073131084442139,"z":-234}}}},"visionDetect":{"nbDetected":0,"type":[0,0,0,0],"xc":[0,0,0,0],"yc":[0,0,0,0],"width":[0,0,0,0],"height":[0,0,0,0],"dist":[0,0,0,0],"orientationAngle":[0,0,0,0],"rotation":[{"m11":0,"m12":0,"m13":0,"m21":0,"m22":0,"m23":0,"m31":0,"m32":0,"m33":0},{"m11":0,"m12":0,"m13":0,"m21":0,"m22":0,"m23":0,"m31":0,"m32":0,"m33":0},{"m11":0,"m12":0,"m13":0,"m21":0,"m22":0,"m23":0,"m31":0,"m32":0,"m33":0},{"m11":0,"m12":0,"m13":0,"m21":0,"m22":0,"m23":0,"m31":0,"m32":0,"m33":0}],"translation":[{"x":0,"y":0,"z":0},{"x":0,"y":0,"z":0},{"x":0,"y":0,"z":0},{"x":0,"y":0,"z":0}],"cameraSource":[0,0,0,0]},"timeDelta":64}
