<ImuData> {   'angular_velocity': <Vector3r> {   'x_val': 0.0003970669349655509,
    'y_val': -0.0005638847942464054,
    'z_val': 0.002394256880506873},
    'linear_acceleration': <Vector3r> {   'x_val': -0.06333065778017044,
    'y_val': 0.023306692019104958,
    'z_val': -9.790949821472168},
    'orientation': <Quaternionr> {   'w_val': 0.9998254179954529,
    'x_val': 0.0,
    'y_val': 0.0,
    'z_val': 0.01868506707251072},
    'time_stamp': 1591619168145707264}



    {   'x_val': 0.0,
    'y_val': 0.0,
    'z_val': 0.0},
    'angular_velocity': <Vector3r> {   'x_val': 0.0,
    'y_val': 0.0,
    'z_val': 0.0},
    'linear_acceleration': <Vector3r> {   'x_val': 0.0,
    'y_val': 0.0,
    'z_val': 0.0},
    'linear_velocity': <Vector3r> {   'x_val': 0.0,
    'y_val': 0.0,
    'z_val': 0.0},
    'orientation': <Quaternionr> {   'w_val': 1.0,
    'x_val': 0.0,
    'y_val': 0.0,
    'z_val': 0.0},
    'position': <Vector3r> {   'x_val': 0.0,
    'y_val': 0.0,
    'z_val': 2.341876983642578}},
    'landed_state': 0,
    'rc_data': <RCData> {   'is_initialized': False,
    'is_valid': False,
    'left_z': 0.0,
    'pitch': 0.0,
    'right_z': 0.0,
    'roll': 0.0,
    'switches': 0,
    'throttle': 0.0,
    'timestamp': 0,
    'vendor_id': '',
    'yaw': 0.0},
    'timestamp': 1591620288860936960}