{"controlState":"CTRL_LANDED","flyState":"FLYING_OK","batteryPercentage":73,"rotation":{"frontBack":1.104,"pitch":1.104,"theta":1.104,"y":1.104,"leftRight":-1.568,"roll":-1.568,"phi":-1.568,"x":-1.568,"clockwise":2.306,"yaw":2.306,"psi":2.306,"z":2.306},"frontBackDegrees":1.104,"leftRightDegrees":-1.568,"clockwiseDegrees":2.306,"altitude":0,"altitudeMeters":0,"velocity":{"x":0,"y":0,"z":0},"xVelocity":0,"yVelocity":0,"zVelocity":0,"frameIndex":0,"detection":{"camera":{"rotation":{"m11":0,"m12":0,"m13":0,"m21":0,"m22":0,"m23":0,"m31":0,"m32":0,"m33":0},"translation":{"x":0,"y":0,"z":0},"type":3},"tagIndex":0},"drone":{"camera":{"rotation":{"m11":0.9990044236183167,"m12":-0.04075058922171593,"m13":0.01815139316022396,"m21":0.04023100808262825,"m22":0.9987944960594177,"m23":0.028124850243330002,"m31":-0.019275614991784096,"m32":-0.027366600930690765,"m33":0.9994395971298218},"translation":{"x":0,"y":0,"z":-237}}}}{"controlState":"CTRL_LANDED","flyState":"FLYING_OK","batteryPercentage":73,"rotation":{"frontBack":1.109,"pitch":1.109,"theta":1.109,"y":1.109,"leftRight":-1.572,"roll":-1.572,"phi":-1.572,"x":-1.572,"clockwise":2.306,"yaw":2.306,"psi":2.306,"z":2.306},"frontBackDegrees":1.109,"leftRightDegrees":-1.572,"clockwiseDegrees":2.306,"altitude":0,"altitudeMeters":0,"velocity":{"x":0,"y":0,"z":0},"xVelocity":0,"yVelocity":0,"zVelocity":0,"frameIndex":0,"detection":{"camera":{"rotation":{"m11":0,"m12":0,"m13":0,"m21":0,"m22":0,"m23":0,"m31":0,"m32":0,"m33":0},"translation":{"x":0,"y":0,"z":0},"type":3},"tagIndex":0},"drone":{"camera":{"rotation":{"m11":0.9990026354789734,"m12":-0.04075897857546806,"m13":0.018234964460134506,"m21":0.04023570194840431,"m22":0.998792290687561,"m23":0.028197716921567917,"m31":-0.019362252205610275,"m32":-0.027435895055532455,"m33":0.99943608045578},"translation":{"x":0,"y":0,"z":-237}}}}{"controlState":"CTRL_LANDED","flyState":"FLYING_OK","batteryPercentage":73,"rotation":{"frontBack":1.11,"pitch":1.11,"theta":1.11,"y":1.11,"leftRight":-1.579,"roll":-1.579,"phi":-1.579,"x":-1.579,"clockwise":2.304,"yaw":2.304,"psi":2.304,"z":2.304},"frontBackDegrees":1.11,"leftRightDegrees":-1.579,"clockwiseDegrees":2.304,"altitude":0,"altitudeMeters":0,"velocity":{"x":0,"y":0,"z":0},"xVelocity":0,"yVelocity":0,"zVelocity":0,"frameIndex":0,"detection":{"camera":{"rotation":{"m11":0,"m12":0,"m13":0,"m21":0,"m22":0,"m23":0,"m31":0,"m32":0,"m33":0},"translation":{"x":0,"y":0,"z":0},"type":3},"tagIndex":0},"drone":{"camera":{"rotation":{"m11":0.9990034103393555,"m12":-0.040734656155109406,"m13":0.01824348419904709,"m21":0.04020893573760986,"m22":0.9987900853157043,"m23":0.028311898931860924,"m31":-0.01937468722462654,"m32":-0.02755013294517994,"m33":0.9994326233863831},"translation":{"x":0,"y":0,"z":-237}}}}{"controlState":"CTRL_LANDED","flyState":"FLYING_OK","batteryPercentage":73,"rotation":{"frontBack":1.11,"pitch":1.11,"theta":1.11,"y":1.11,"leftRight":-1.579,"roll":-1.579,"phi":-1.579,"x":-1.579,"clockwise":2.307,"yaw":2.307,"psi":2.307,"z":2.307},"frontBackDegrees":1.11,"leftRightDegrees":-1.579,"clockwiseDegrees":2.307,"altitude":0,"altitudeMeters":0,"velocity":{"x":0,"y":0,"z":0},"xVelocity":0,"yVelocity":0,"zVelocity":0,"frameIndex":0,"detection":{"camera":{"rotation":{"m11":0,"m12":0,"m13":0,"m21":0,"m22":0,"m23":0,"m31":0,"m32":0,"m33":0},"translation":{"x":0,"y":0,"z":0},"type":3},"tagIndex":0},"drone":{"camera":{"rotation":{"m11":0.9990016222000122,"m12":-0.04077979922294617,"m13":0.018244439736008644,"m21":0.040253981947898865,"m22":0.9987882375717163,"m23":0.028314856812357903,"m31":-0.019377006217837334,"m32":-0.027552174404263496,"m33":0.9994325637817383},"translation":{"x":0,"y":0,"z":-237}}}}{"controlState":"CTRL_LANDED","flyState":"FLYING_OK","batteryPercentage":73,"rotation":{"frontBack":1.109,"pitch":1.109,"theta":1.109,"y":1.109,"leftRight":-1.572,"roll":-1.572,"phi":-1.572,"x":-1.572,"clockwise":2.308,"yaw":2.308,"psi":2.308,"z":2.308},"frontBackDegrees":1.109,"leftRightDegrees":-1.572,"clockwiseDegrees":2.308,"altitude":0,"altitudeMeters":0,"velocity":{"x":0,"y":0,"z":0},"xVelocity":0,"yVelocity":0,"zVelocity":0,"frameIndex":0,"detection":{"camera":{"rotation":{"m11":0,"m12":0,"m13":0,"m21":0,"m22":0,"m23":0,"m31":0,"m32":0,"m33":0},"translation":{"x":0,"y":0,"z":0},"type":3},"tagIndex":0},"drone":{"camera":{"rotation":{"m11":0.9990009069442749,"m12":-0.04079659283161163,"m13":0.018241507932543755,"m21":0.04027321934700012,"m22":0.9987908601760864,"m23":0.02819274738430977,"m31":-0.019369618967175484,"m32":-0.027429938316345215,"m33":0.9994360208511353},"translation":{"x":0,"y":0,"z":-237}}}}{"controlState":"CTRL_LANDED","flyState":"FLYING_OK","batteryPercentage":73,"rotation":{"frontBack":1.114,"pitch":1.114,"theta":1.114,"y":1.114,"leftRight":-1.566,"roll":-1.566,"phi":-1.566,"x":-1.566,"clockwise":2.31,"yaw":2.31,"psi":2.31,"z":2.31},"frontBackDegrees":1.114,"leftRightDegrees":-1.566,"clockwiseDegrees":2.31,"altitude":0,"altitudeMeters":0,"velocity":{"x":0,"y":0,"z":0},"xVelocity":0,"yVelocity":0,"zVelocity":0,"frameIndex":0,"detection":{"camera":{"rotation":{"m11":0,"m12":0,"m13":0,"m21":0,"m22":0,"m23":0,"m31":0,"m32":0,"m33":0},"translation":{"x":0,"y":0,"z":0},"type":3},"tagIndex":0},"drone":{"camera":{"rotation":{"m11":0.9989978075027466,"m12":-0.04083537310361862,"m13":0.018325889483094215,"m21":0.04031165689229965,"m22":0.9987921714782715,"m23":0.028091296553611755,"m31":-0.019450874999165535,"m32":-0.02732439711689949,"m33":0.9994373321533203},"translation":{"x":0,"y":0,"z":-237}}}}{"controlState":"CTRL_LANDED","flyState":"FLYING_OK","batteryPercentage":73,"rotation":{"frontBack":1.108,"pitch":1.108,"theta":1.108,"y":1.108,"leftRight":-1.56,"roll":-1.56,"phi":-1.56,"x":-1.56,"clockwise":2.312,"yaw":2.312,"psi":2.312,"z":2.312},"frontBackDegrees":1.108,"leftRightDegrees":-1.56,"clockwiseDegrees":2.312,"altitude":0,"altitudeMeters":0,"velocity":{"x":0,"y":0,"z":0},"xVelocity":0,"yVelocity":0,"zVelocity":0,"frameIndex":0,"detection":{"camera":{"rotation":{"m11":0,"m12":0,"m13":0,"m21":0,"m22":0,"m23":0,"m31":0,"m32":0,"m33":0},"translation":{"x":0,"y":0,"z":0},"type":3},"tagIndex":0},"drone":{"camera":{"rotation":{"m11":0.998998761177063,"m12":-0.040856942534446716,"m13":0.018225576728582382,"m21":0.040337882936000824,"m22":0.9987939596176147,"m23":0.02799212373793125,"m31":-0.01934726908802986,"m32":-0.027228916063904762,"m33":0.9994419813156128},"translation":{"x":0,"y":0,"z":-237}}}}{"controlState":"CTRL_LANDED","flyState":"FLYING_OK","batteryPercentage":73,"rotation":{"frontBack":1.103,"pitch":1.103,"theta":1.103,"y":1.103,"leftRight":-1.554,"roll":-1.554,"phi":-1.554,"x":-1.554,"clockwise":2.316,"yaw":2.316,"psi":2.316,"z":2.316},"frontBackDegrees":1.103,"leftRightDegrees":-1.554,"clockwiseDegrees":2.316,"altitude":0,"altitudeMeters":0,"velocity":{"x":0,"y":0,"z":0},"xVelocity":0,"yVelocity":0,"zVelocity":0,"frameIndex":0,"detection":{"camera":{"rotation":{"m11":0,"m12":0,"m13":0,"m21":0,"m22":0,"m23":0,"m31":0,"m32":0,"m33":0},"translation":{"x":0,"y":0,"z":0},"type":3},"tagIndex":0},"drone":{"camera":{"rotation":{"m11":0.9989979267120361,"m12":-0.0409206785261631,"m13":0.018130797892808914,"m21":0.04040632024407387,"m22":0.9987942576408386,"m23":0.02788112312555313,"m31":-0.019249852746725082,"m32":-0.02712058275938034,"m33":0.9994468092918396},"translation":{"x":0,"y":0,"z":-237}}}}{"controlState":"CTRL_LANDED","flyState":"FLYING_OK","batteryPercentage":73,"rotation":{"frontBack":1.104,"pitch":1.104,"theta":1.104,"y":1.104,"leftRight":-1.554,"roll":-1.554,"phi":-1.554,"x":-1.554,"clockwise":2.317,"yaw":2.317,"psi":2.317,"z":2.317},"frontBackDegrees":1.104,"leftRightDegrees":-1.554,"clockwiseDegrees":2.317,"altitude":0,"altitudeMeters":0,"velocity":{"x":0,"y":0,"z":0},"xVelocity":0,"yVelocity":0,"zVelocity":0,"frameIndex":0,"detection":{"camera":{"rotation":{"m11":0,"m12":0,"m13":0,"m21":0,"m22":0,"m23":0,"m31":0,"m32":0,"m33":0},"translation":{"x":0,"y":0,"z":0},"type":3},"tagIndex":0},"drone":{"camera":{"rotation":{"m11":0.9989964365959167,"m12":-0.040945637971162796,"m13":0.018154248595237732,"m21":0.04043072834610939,"m22":0.9987934231758118,"m23":0.02787666954100132,"m31":-0.019273772835731506,"m32":-0.02711470238864422,"m33":0.9994465112686157},"translation":{"x":0,"y":0,"z":-237}}}}{"controlState":"CTRL_LANDED","flyState":"FLYING_OK","batteryPercentage":73,"rotation":{"frontBack":1.108,"pitch":1.108,"theta":1.108,"y":1.108,"leftRight":-1.556,"roll":-1.556,"phi":-1.556,"x":-1.556,"clockwise":2.317,"yaw":2.317,"psi":2.317,"z":2.317},"frontBackDegrees":1.108,"leftRightDegrees":-1.556,"clockwiseDegrees":2.317,"altitude":0,"altitudeMeters":0,"velocity":{"x":0,"y":0,"z":0},"xVelocity":0,"yVelocity":0,"zVelocity":0,"frameIndex":0,"detection":{"camera":{"rotation":{"m11":0,"m12":0,"m13":0,"m21":0,"m22":0,"m23":0,"m31":0,"m32":0,"m33":0},"translation":{"x":0,"y":0,"z":0},"type":3},"tagIndex":0},"drone":{"camera":{"rotation":{"m11":0.9989952445030212,"m12":-0.04094618558883667,"m13":0.018216656520962715,"m21":0.04042878746986389,"m22":0.998792290687561,"m23":0.027917949482798576,"m31":-0.019337790086865425,"m32":-0.02715342305600643,"m33":0.9994441866874695},"translation":{"x":0,"y":0,"z":-237}}}}{"controlState":"CTRL_LANDED","flyState":"FLYING_OK","batteryPercentage":73,"rotation":{"frontBack":1.115,"pitch":1.115,"theta":1.115,"y":1.115,"leftRight":-1.561,"roll":-1.561,"phi":-1.561,"x":-1.561,"clockwise":2.316,"yaw":2.316,"psi":2.316,"z":2.316},"frontBackDegrees":1.115,"leftRightDegrees":-1.561,"clockwiseDegrees":2.316,"altitude":0,"altitudeMeters":0,"velocity":{"x":0,"y":0,"z":0},"xVelocity":0,"yVelocity":0,"zVelocity":0,"frameIndex":0,"detection":{"camera":{"rotation":{"m11":0,"m12":0,"m13":0,"m21":0,"m22":0,"m23":0,"m31":0,"m32":0,"m33":0},"translation":{"x":0,"y":0,"z":0},"type":3},"tagIndex":0},"drone":{"camera":{"rotation":{"m11":0.9989930391311646,"m12":-0.04094209149479866,"m13":0.018349280580878258,"m21":0.04041909798979759,"m22":0.9987898468971252,"m23":0.028020193800330162,"m31":-0.01947428099811077,"m32":-0.027250317856669426,"m33":0.9994389414787292},"translation":{"x":0,"y":0,"z":-237}}}}{"controlState":"CTRL_LANDED","flyState":"FLYING_OK","batteryPercentage":73,"rotation":{"frontBack":1.119,"pitch":1.119,"theta":1.119,"y":1.119,"leftRight":-1.556,"roll":-1.556,"phi":-1.556,"x":-1.556,"clockwise":2.317,"yaw":2.317,"psi":2.317,"z":2.317},"frontBackDegrees":1.119,"leftRightDegrees":-1.556,"clockwiseDegrees":2.317,"altitude":0,"altitudeMeters":0,"velocity":{"x":0,"y":0,"z":0},"xVelocity":0,"yVelocity":0,"zVelocity":0,"frameIndex":0,"detection":{"camera":{"rotation":{"m11":0,"m12":0,"m13":0,"m21":0,"m22":0,"m23":0,"m31":0,"m32":0,"m33":0},"translation":{"x":0,"y":0,"z":0},"type":3},"tagIndex":0},"drone":{"camera":{"rotation":{"m11":0.9989911913871765,"m12":-0.04095454141497612,"m13":0.018422367051243782,"m21":0.040431346744298935,"m22":0.9987919330596924,"m23":0.027928311377763748,"m31":-0.019543902948498726,"m32":-0.02715529501438141,"m33":0.9994401335716248},"translation":{"x":0,"y":0,"z":-237}}}}{"controlState":"CTRL_LANDED","flyState":"FLYING_OK","batteryPercentage":73,"rotation":{"frontBack":1.115,"pitch":1.115,"theta":1.115,"y":1.115,"leftRight":-1.551,"roll":-1.551,"phi":-1.551,"x":-1.551,"clockwise":2.32,"yaw":2.32,"psi":2.32,"z":2.32},"frontBackDegrees":1.115,"leftRightDegrees":-1.551,"clockwiseDegrees":2.32,"altitude":0,"altitudeMeters":0,"velocity":{"x":0,"y":0,"z":0},"xVelocity":0,"yVelocity":0,"zVelocity":0,"frameIndex":0,"detection":{"camera":{"rotation":{"m11":0,"m12":0,"m13":0,"m21":0,"m22":0,"m23":0,"m31":0,"m32":0,"m33":0},"translation":{"x":0,"y":0,"z":0},"type":3},"tagIndex":0},"drone":{"camera":{"rotation":{"m11":0.9989905953407288,"m12":-0.041000306606292725,"m13":0.018350768834352493,"m21":0.04048078507184982,"m22":0.9987924098968506,"m23":0.02783937007188797,"m31":-0.019470032304525375,"m32":-0.02706841379404068,"m33":0.9994439482688904},"translation":{"x":0,"y":0,"z":-237}}}}{"controlState":"CTRL_LANDED","flyState":"FLYING_OK","batteryPercentage":73,"rotation":{"frontBack":1.122,"pitch":1.122,"theta":1.122,"y":1.122,"leftRight":-1.546,"roll":-1.546,"phi":-1.546,"x":-1.546,"clockwise":2.322,"yaw":2.322,"psi":2.322,"z":2.322},"frontBackDegrees":1.122,"leftRightDegrees":-1.546,"clockwiseDegrees":2.322,"altitude":0,"altitudeMeters":0,"velocity":{"x":0,"y":0,"z":0},"xVelocity":0,"yVelocity":0,"zVelocity":0,"frameIndex":0,"detection":{"camera":{"rotation":{"m11":0,"m12":0,"m13":0,"m21":0,"m22":0,"m23":0,"m31":0,"m32":0,"m33":0},"translation":{"x":0,"y":0,"z":0},"type":3},"tagIndex":0},"drone":{"camera":{"rotation":{"m11":0.9989867806434631,"m12":-0.04103585332632065,"m13":0.01847659982740879,"m21":0.040514372289180756,"m22":0.9987930655479431,"m23":0.027765173465013504,"m31":-0.01959366910159588,"m32":-0.026988476514816284,"m33":0.9994436502456665},"translation":{"x":0,"y":0,"z":-237}}}}{"controlState":"CTRL_LANDED","flyState":"FLYING_OK","batteryPercentage":73,"rotation":{"frontBack":1.129,"pitch":1.129,"theta":1.129,"y":1.129,"leftRight":-1.543,"roll":-1.543,"phi":-1.543,"x":-1.543,"clockwise":2.324,"yaw":2.324,"psi":2.324,"z":2.324},"frontBackDegrees":1.129,"leftRightDegrees":-1.543,"clockwiseDegrees":2.324,"altitude":0,"altitudeMeters":0,"velocity":{"x":0,"y":0,"z":0},"xVelocity":0,"yVelocity":0,"zVelocity":0,"frameIndex":0,"detection":{"camera":{"rotation":{"m11":0,"m12":0,"m13":0,"m21":0,"m22":0,"m23":0,"m31":0,"m32":0,"m33":0},"translation":{"x":0,"y":0,"z":0},"type":3},"tagIndex":0},"drone":{"camera":{"rotation":{"m11":0.9989830851554871,"m12":-0.04107719287276268,"m13":0.018588343635201454,"m21":0.04055358096957207,"m22":0.9987927675247192,"m23":0.02771981805562973,"m31":-0.019704556092619896,"m32":-0.026937805116176605,"m33":0.9994428753852844},"translation":{"x":0,"y":0,"z":-237}}}}{"controlState":"CTRL_LANDED","flyState":"FLYING_OK","batteryPercentage":73,"rotation":{"frontBack":1.139,"pitch":1.139,"theta":1.139,"y":1.139,"leftRight":-1.553,"roll":-1.553,"phi":-1.553,"x":-1.553,"clockwise":2.323,"yaw":2.323,"psi":2.323,"z":2.323},"frontBackDegrees":1.139,"leftRightDegrees":-1.553,"clockwiseDegrees":2.323,"altitude":0,"altitudeMeters":0,"velocity":{"x":0,"y":0,"z":0},"xVelocity":0,"yVelocity":0,"zVelocity":0,"frameIndex":0,"detection":{"camera":{"rotation":{"m11":0,"m12":0,"m13":0,"m21":0,"m22":0,"m23":0,"m31":0,"m32":0,"m33":0},"translation":{"x":0,"y":0,"z":0},"type":3},"tagIndex":0},"drone":{"camera":{"rotation":{"m11":0.9989801645278931,"m12":-0.04106909781694412,"m13":0.018759319558739662,"m21":0.040537454187870026,"m22":0.9987886548042297,"m23":0.027892084792256355,"m31":-0.019882099702954292,"m32":-0.027103183791041374,"m33":0.9994348883628845},"translation":{"x":0,"y":0,"z":-237}}}}{"controlState":"CTRL_LANDED","flyState":"FLYING_OK","batteryPercentage":73,"rotation":{"frontBack":1.134,"pitch":1.134,"theta":1.134,"y":1.134,"leftRight":-1.551,"roll":-1.551,"phi":-1.551,"x":-1.551,"clockwise":2.322,"yaw":2.322,"psi":2.322,"z":2.322},"frontBackDegrees":1.134,"leftRightDegrees":-1.551,"clockwiseDegrees":2.322,"altitude":0,"altitudeMeters":0,"velocity":{"x":0,"y":0,"z":0},"xVelocity":0,"yVelocity":0,"zVelocity":0,"frameIndex":0,"detection":{"camera":{"rotation":{"m11":0,"m12":0,"m13":0,"m21":0,"m22":0,"m23":0,"m31":0,"m32":0,"m33":0},"translation":{"x":0,"y":0,"z":0},"type":3},"tagIndex":0},"drone":{"camera":{"rotation":{"m11":0.9989823698997498,"m12":-0.041050851345062256,"m13":0.018683437258005142,"m21":0.04052204638719559,"m22":0.9987903833389282,"m23":0.027852723374962807,"m31":-0.0198042131960392,"m32":-0.027067286893725395,"m33":0.9994373917579651},"translation":{"x":0,"y":0,"z":-237}}}}{"controlState":"CTRL_LANDED","flyState":"FLYING_OK","batteryPercentage":73,"rotation":{"frontBack":1.133,"pitch":1.133,"theta":1.133,"y":1.133,"leftRight":-1.561,"roll":-1.561,"phi":-1.561,"x":-1.561,"clockwise":2.327,"yaw":2.327,"psi":2.327,"z":2.327},"frontBackDegrees":1.133,"leftRightDegrees":-1.561,"clockwiseDegrees":2.327,"altitude":0,"altitudeMeters":0,"velocity":{"x":0,"y":0,"z":0},"xVelocity":0,"yVelocity":0,"zVelocity":0,"frameIndex":0,"detection":{"camera":{"rotation":{"m11":0,"m12":0,"m13":0,"m21":0,"m22":0,"m23":0,"m31":0,"m32":0,"m33":0},"translation":{"x":0,"y":0,"z":0},"type":3},"tagIndex":0},"drone":{"camera":{"rotation":{"m11":0.9989797472953796,"m12":-0.04112947732210159,"m13":0.018649134784936905,"m21":0.04059810936450958,"m22":0.9987823367118835,"m23":0.02802857756614685,"m31":-0.019779227674007416,"m32":-0.027242861688137054,"m33":0.999433159828186},"translation":{"x":0,"y":0,"z":-237}}}}{"controlState":"CTRL_LANDED","flyState":"FLYING_OK","batteryPercentage":73,"rotation":{"frontBack":1.127,"pitch":1.127,"theta":1.127,"y":1.127,"leftRight":-1.558,"roll":-1.558,"phi":-1.558,"x":-1.558,"clockwise":2.328,"yaw":2.328,"psi":2.328,"z":2.328},"frontBackDegrees":1.127,"leftRightDegrees":-1.558,"clockwiseDegrees":2.328,"altitude":0,"altitudeMeters":0,"velocity":{"x":0,"y":0,"z":0},"xVelocity":0,"yVelocity":0,"zVelocity":0,"frameIndex":0,"detection":{"camera":{"rotation":{"m11":0,"m12":0,"m13":0,"m21":0,"m22":0,"m23":0,"m31":0,"m32":0,"m33":0},"translation":{"x":0,"y":0,"z":0},"type":3},"tagIndex":0},"drone":{"camera":{"rotation":{"m11":0.9989810585975647,"m12":-0.041141998022794724,"m13":0.018552538007497787,"m21":0.040614355355501175,"m22":0.9987832903862,"m23":0.02797289937734604,"m31":-0.019680824130773544,"m32":-0.02719089761376381,"m33":0.9994364976882935},"translation":{"x":0,"y":0,"z":-237}}}}{"controlState":"CTRL_LANDED","flyState":"FLYING_OK","batteryPercentage":73,"rotation":{"frontBack":1.125,"pitch":1.125,"theta":1.125,"y":1.125,"leftRight":-1.554,"roll":-1.554,"phi":-1.554,"x":-1.554,"clockwise":2.328,"yaw":2.328,"psi":2.328,"z":2.328},"frontBackDegrees":1.125,"leftRightDegrees":-1.554,"clockwiseDegrees":2.328,"altitude":0,"altitudeMeters":0,"velocity":{"x":0,"y":0,"z":0},"xVelocity":0,"yVelocity":0,"zVelocity":0,"frameIndex":0,"detection":{"camera":{"rotation":{"m11":0,"m12":0,"m13":0,"m21":0,"m22":0,"m23":0,"m31":0,"m32":0,"m33":0},"translation":{"x":0,"y":0,"z":0},"type":3},"tagIndex":0},"drone":{"camera":{"rotation":{"m11":0.9989813566207886,"m12":-0.04114725440740585,"m13":0.018524421378970146,"m21":0.040621645748615265,"m22":0.9987847208976746,"m23":0.02790825627744198,"m31":-0.019650256261229515,"m32":-0.027127334848046303,"m33":0.9994388222694397},"translation":{"x":0,"y":0,"z":-237}}}}{"controlState":"CTRL_LANDED","flyState":"FLYING_OK","batteryPercentage":73,"rotation":{"frontBack":1.126,"pitch":1.126,"theta":1.126,"y":1.126,"leftRight":-1.553,"roll":-1.553,"phi":-1.553,"x":-1.553,"clockwise":2.329,"yaw":2.329,"psi":2.329,"z":2.329},"frontBackDegrees":1.126,"leftRightDegrees":-1.553,"clockwiseDegrees":2.329,"altitude":0,"altitudeMeters":0,"velocity":{"x":0,"y":0,"z":0},"xVelocity":0,"yVelocity":0,"zVelocity":0,"frameIndex":0,"detection":{"camera":{"rotation":{"m11":0,"m12":0,"m13":0,"m21":0,"m22":0,"m23":0,"m31":0,"m32":0,"m33":0},"translation":{"x":0,"y":0,"z":0},"type":3},"tagIndex":0},"drone":{"camera":{"rotation":{"m11":0.9989808201789856,"m12":-0.04115983471274376,"m13":0.018526654690504074,"m21":0.040634702891111374,"m22":0.9987850189208984,"m23":0.027880914509296417,"m31":-0.01965171843767166,"m32":-0.027099672704935074,"m33":0.999439537525177},"translation":{"x":0,"y":0,"z":-237}}}}{"controlState":"CTRL_LANDED","flyState":"FLYING_OK","batteryPercentage":73,"rotation":{"frontBack":1.124,"pitch":1.124,"theta":1.124,"y":1.124,"leftRight":-1.548,"roll":-1.548,"phi":-1.548,"x":-1.548,"clockwise":2.331,"yaw":2.331,"psi":2.331,"z":2.331},"frontBackDegrees":1.124,"leftRightDegrees":-1.548,"clockwiseDegrees":2.331,"altitude":0,"altitudeMeters":0,"velocity":{"x":0,"y":0,"z":0},"xVelocity":0,"yVelocity":0,"zVelocity":0,"frameIndex":0,"detection":{"camera":{"rotation":{"m11":0,"m12":0,"m13":0,"m21":0,"m22":0,"m23":0,"m31":0,"m32":0,"m33":0},"translation":{"x":0,"y":0,"z":0},"type":3},"tagIndex":0},"drone":{"camera":{"rotation":{"m11":0.998979926109314,"m12":-0.04119093716144562,"m13":0.018502555787563324,"m21":0.04066815227270126,"m22":0.9987860321998596,"m23":0.0277943667024374,"m31":-0.019624970853328705,"m32":-0.027013549581170082,"m33":0.9994423985481262},"translation":{"x":0,"y":0,"z":-237}}}}{"controlState":"CTRL_LANDED","flyState":"FLYING_OK","batteryPercentage":73,"rotation":{"frontBack":1.122,"pitch":1.122,"theta":1.122,"y":1.122,"leftRight":-1.548,"roll":-1.548,"phi":-1.548,"x":-1.548,"clockwise":2.332,"yaw":2.332,"psi":2.332,"z":2.332},"frontBackDegrees":1.122,"leftRightDegrees":-1.548,"clockwiseDegrees":2.332,"altitude":0,"altitudeMeters":0,"velocity":{"x":0,"y":0,"z":0},"xVelocity":0,"yVelocity":0,"zVelocity":0,"frameIndex":0,"detection":{"camera":{"rotation":{"m11":0,"m12":0,"m13":0,"m21":0,"m22":0,"m23":0,"m31":0,"m32":0,"m33":0},"translation":{"x":0,"y":0,"z":0},"type":3},"tagIndex":0},"drone":{"camera":{"rotation":{"m11":0.9989800453186035,"m12":-0.041207052767276764,"m13":0.018462251871824265,"m21":0.04068513959646225,"m22":0.9987850785255432,"m23":0.027805360034108162,"m31":-0.01958559826016426,"m32":-0.0270258616656065,"m33":0.9994428753852844},"translation":{"x":0,"y":0,"z":-237}}}}{"controlState":"CTRL_LANDED","flyState":"FLYING_OK","batteryPercentage":73,"rotation":{"frontBack":1.115,"pitch":1.115,"theta":1.115,"y":1.115,"leftRight":-1.545,"roll":-1.545,"phi":-1.545,"x":-1.545,"clockwise":2.335,"yaw":2.335,"psi":2.335,"z":2.335},"frontBackDegrees":1.115,"leftRightDegrees":-1.545,"clockwiseDegrees":2.335,"altitude":0,"altitudeMeters":0,"velocity":{"x":0,"y":0,"z":0},"xVelocity":0,"yVelocity":0,"zVelocity":0,"frameIndex":0,"detection":{"camera":{"rotation":{"m11":0,"m12":0,"m13":0,"m21":0,"m22":0,"m23":0,"m31":0,"m32":0,"m33":0},"translation":{"x":0,"y":0,"z":0},"type":3},"tagIndex":0},"drone":{"camera":{"rotation":{"m11":0.9989803433418274,"m12":-0.041255928575992584,"m13":0.018338561058044434,"m21":0.0407385379076004,"m22":0.998784601688385,"m23":0.027744106948375702,"m31":-0.019460879266262054,"m32":-0.026968728750944138,"m33":0.9994468688964844},"translation":{"x":0,"y":0,"z":-237}}}}{"controlState":"CTRL_LANDED","flyState":"FLYING_OK","batteryPercentage":73,"rotation":{"frontBack":1.113,"pitch":1.113,"theta":1.113,"y":1.113,"leftRight":-1.544,"roll":-1.544,"phi":-1.544,"x":-1.544,"clockwise":2.335,"yaw":2.335,"psi":2.335,"z":2.335},"frontBackDegrees":1.113,"leftRightDegrees":-1.544,"clockwiseDegrees":2.335,"altitude":0,"altitudeMeters":0,"velocity":{"x":0,"y":0,"z":0},"xVelocity":0,"yVelocity":0,"zVelocity":0,"frameIndex":0,"detection":{"camera":{"rotation":{"m11":0,"m12":0,"m13":0,"m21":0,"m22":0,"m23":0,"m31":0,"m32":0,"m33":0},"translation":{"x":0,"y":0,"z":0},"type":3},"tagIndex":0},"drone":{"camera":{"rotation":{"m11":0.9989805817604065,"m12":-0.04126584529876709,"m13":0.01830354519188404,"m21":0.040749773383140564,"m22":0.9987846612930298,"m23":0.027724891901016235,"m31":-0.019425390288233757,"m32":-0.026950761675834656,"m33":0.9994480013847351},"translation":{"x":0,"y":0,"z":-237}}}}{"controlState":"CTRL_LANDED","flyState":"FLYING_OK","batteryPercentage":73,"rotation":{"frontBack":1.109,"pitch":1.109,"theta":1.109,"y":1.109,"leftRight":-1.541,"roll":-1.541,"phi":-1.541,"x":-1.541,"clockwise":2.337,"yaw":2.337,"psi":2.337,"z":2.337},"frontBackDegrees":1.109,"leftRightDegrees":-1.541,"clockwiseDegrees":2.337,"altitude":0,"altitudeMeters":0,"velocity":{"x":0,"y":0,"z":0},"xVelocity":0,"yVelocity":0,"zVelocity":0,"frameIndex":0,"detection":{"camera":{"rotation":{"m11":0,"m12":0,"m13":0,"m21":0,"m22":0,"m23":0,"m31":0,"m32":0,"m33":0},"translation":{"x":0,"y":0,"z":0},"type":3},"tagIndex":0},"drone":{"camera":{"rotation":{"m11":0.9989805817604065,"m12":-0.04129401966929436,"m13":0.018236707895994186,"m21":0.04078095033764839,"m22":0.9987850785255432,"m23":0.02766270563006401,"m31":-0.019356857985258102,"m32":-0.026890795677900314,"m33":0.9994509220123291},"translation":{"x":0,"y":0,"z":-237}}}}{"controlState":"CTRL_LANDED","flyState":"FLYING_OK","batteryPercentage":73,"rotation":{"frontBack":1.105,"pitch":1.105,"theta":1.105,"y":1.105,"leftRight":-1.539,"roll":-1.539,"phi":-1.539,"x":-1.539,"clockwise":2.338,"yaw":2.338,"psi":2.338,"z":2.338},"frontBackDegrees":1.105,"leftRightDegrees":-1.539,"clockwiseDegrees":2.338,"altitude":0,"altitudeMeters":0,"velocity":{"x":0,"y":0,"z":0},"xVelocity":0,"yVelocity":0,"zVelocity":0,"frameIndex":0,"detection":{"camera":{"rotation":{"m11":0,"m12":0,"m13":0,"m21":0,"m22":0,"m23":0,"m31":0,"m32":0,"m33":0},"translation":{"x":0,"y":0,"z":0},"type":3},"tagIndex":0},"drone":{"camera":{"rotation":{"m11":0.9989813566207886,"m12":-0.04130471870303154,"m13":0.01817062869668007,"m21":0.04079394415020943,"m22":0.9987853169441223,"m23":0.027635827660560608,"m31":-0.019290048629045486,"m32":-0.026866424828767776,"m33":0.9994528889656067},"translation":{"x":0,"y":0,"z":-237}}}}{"controlState":"CTRL_LANDED","flyState":"FLYING_OK","batteryPercentage":73,"rotation":{"frontBack":1.106,"pitch":1.106,"theta":1.106,"y":1.106,"leftRight":-1.534,"roll":-1.534,"phi":-1.534,"x":-1.534,"clockwise":2.34,"yaw":2.34,"psi":2.34,"z":2.34},"frontBackDegrees":1.106,"leftRightDegrees":-1.534,"clockwiseDegrees":2.34,"altitude":0,"altitudeMeters":0,"velocity":{"x":0,"y":0,"z":0},"xVelocity":0,"yVelocity":0,"zVelocity":0,"frameIndex":0,"detection":{"camera":{"rotation":{"m11":0,"m12":0,"m13":0,"m21":0,"m22":0,"m23":0,"m31":0,"m32":0,"m33":0},"translation":{"x":0,"y":0,"z":0},"type":3},"tagIndex":0},"drone":{"camera":{"rotation":{"m11":0.9989795684814453,"m12":-0.041339658200740814,"m13":0.018187573179602623,"m21":0.0408300906419754,"m22":0.998786211013794,"m23":0.027549246326088905,"m31":-0.019304374232888222,"m32":-0.026778535917401314,"m33":0.9994549751281738},"translation":{"x":0,"y":0,"z":-237}}}}{"controlState":"CTRL_LANDED","flyState":"FLYING_OK","batteryPercentage":73,"rotation":{"frontBack":1.104,"pitch":1.104,"theta":1.104,"y":1.104,"leftRight":-1.53,"roll":-1.53,"phi":-1.53,"x":-1.53,"clockwise":2.342,"yaw":2.342,"psi":2.342,"z":2.342},"frontBackDegrees":1.104,"leftRightDegrees":-1.53,"clockwiseDegrees":2.342,"altitude":0,"altitudeMeters":0,"velocity":{"x":0,"y":0,"z":0},"xVelocity":0,"yVelocity":0,"zVelocity":0,"frameIndex":0,"detection":{"camera":{"rotation":{"m11":0,"m12":0,"m13":0,"m21":0,"m22":0,"m23":0,"m31":0,"m32":0,"m33":0},"translation":{"x":0,"y":0,"z":0},"type":3},"tagIndex":0},"drone":{"camera":{"rotation":{"m11":0.9989784955978394,"m12":-0.041377849876880646,"m13":0.018161572515964508,"m21":0.04087042808532715,"m22":0.9987866282463074,"m23":0.027473872527480125,"m31":-0.019276347011327744,"m32":-0.02670353837311268,"m33":0.9994575381278992},"translation":{"x":0,"y":0,"z":-237}}}}{"controlState":"CTRL_LANDED","flyState":"FLYING_OK","batteryPercentage":73,"rotation":{"frontBack":1.114,"pitch":1.114,"theta":1.114,"y":1.114,"leftRight":-1.525,"roll":-1.525,"phi":-1.525,"x":-1.525,"clockwise":2.344,"yaw":2.344,"psi":2.344,"z":2.344},"frontBackDegrees":1.114,"leftRightDegrees":-1.525,"clockwiseDegrees":2.344,"altitude":0,"altitudeMeters":0,"velocity":{"x":0,"y":0,"z":0},"xVelocity":0,"yVelocity":0,"zVelocity":0,"frameIndex":0,"detection":{"camera":{"rotation":{"m11":0,"m12":0,"m13":0,"m21":0,"m22":0,"m23":0,"m31":0,"m32":0,"m33":0},"translation":{"x":0,"y":0,"z":0},"type":3},"tagIndex":0},"drone":{"camera":{"rotation":{"m11":0.9989738464355469,"m12":-0.04141021892428398,"m13":0.018342435359954834,"m21":0.040899548679590225,"m22":0.9987877011299133,"m23":0.027391983196139336,"m31":-0.019454509019851685,"m32":-0.02661367692053318,"m33":0.9994564652442932},"translation":{"x":0,"y":0,"z":-237}}}}{"controlState":"CTRL_LANDED","flyState":"FLYING_OK","batteryPercentage":73,"rotation":{"frontBack":1.109,"pitch":1.109,"theta":1.109,"y":1.109,"leftRight":-1.536,"roll":-1.536,"phi":-1.536,"x":-1.536,"clockwise":2.344,"yaw":2.344,"psi":2.344,"z":2.344},"frontBackDegrees":1.109,"leftRightDegrees":-1.536,"clockwiseDegrees":2.344,"altitude":0,"altitudeMeters":0,"velocity":{"x":0,"y":0,"z":0},"xVelocity":0,"yVelocity":0,"zVelocity":0,"frameIndex":0,"detection":{"camera":{"rotation":{"m11":0,"m12":0,"m13":0,"m21":0,"m22":0,"m23":0,"m31":0,"m32":0,"m33":0},"translation":{"x":0,"y":0,"z":0},"type":3},"tagIndex":0},"drone":{"camera":{"rotation":{"m11":0.9989756345748901,"m12":-0.0414104163646698,"m13":0.018244851380586624,"m21":0.04089868813753128,"m22":0.9987825155258179,"m23":0.02758091315627098,"m31":-0.019364777952432632,"m32":-0.02680647000670433,"m33":0.999453067779541},"translation":{"x":0,"y":0,"z":-237}}}}{"controlState":"CTRL_LANDED","flyState":"FLYING_OK","batteryPercentage":73,"rotation":{"frontBack":1.118,"pitch":1.118,"theta":1.118,"y":1.118,"leftRight":-1.53,"roll":-1.53,"phi":-1.53,"x":-1.53,"clockwise":2.345,"yaw":2.345,"psi":2.345,"z":2.345},"frontBackDegrees":1.118,"leftRightDegrees":-1.53,"clockwiseDegrees":2.345,"altitude":0,"altitudeMeters":0,"velocity":{"x":0,"y":0,"z":0},"xVelocity":0,"yVelocity":0,"zVelocity":0,"frameIndex":0,"detection":{"camera":{"rotation":{"m11":0,"m12":0,"m13":0,"m21":0,"m22":0,"m23":0,"m31":0,"m32":0,"m33":0},"translation":{"x":0,"y":0,"z":0},"type":3},"tagIndex":0},"drone":{"camera":{"rotation":{"m11":0.9989717602729797,"m12":-0.041433628648519516,"m13":0.018403679132461548,"m21":0.04091937467455864,"m22":0.9987841248512268,"m23":0.027492010965943336,"m31":-0.01952039822936058,"m32":-0.02671067602932453,"m33":0.9994525909423828},"translation":{"x":0,"y":0,"z":-237}}}}{"controlState":"CTRL_LANDED","flyState":"FLYING_OK","batteryPercentage":73,"rotation":{"frontBack":1.124,"pitch":1.124,"theta":1.124,"y":1.124,"leftRight":-1.527,"roll":-1.527,"phi":-1.527,"x":-1.527,"clockwise":2.347,"yaw":2.347,"psi":2.347,"z":2.347},"frontBackDegrees":1.124,"leftRightDegrees":-1.527,"clockwiseDegrees":2.347,"altitude":0,"altitudeMeters":0,"velocity":{"x":0,"y":0,"z":0},"xVelocity":0,"yVelocity":0,"zVelocity":0,"frameIndex":0,"detection":{"camera":{"rotation":{"m11":0,"m12":0,"m13":0,"m21":0,"m22":0,"m23":0,"m31":0,"m32":0,"m33":0},"translation":{"x":0,"y":0,"z":0},"type":3},"tagIndex":0},"drone":{"camera":{"rotation":{"m11":0.9989684224128723,"m12":-0.04147105664014816,"m13":0.018501773476600647,"m21":0.04095524549484253,"m22":0.9987841844558716,"m23":0.027437454089522362,"m31":-0.019617140293121338,"m32":-0.026651402935385704,"m33":0.9994522929191589},"translation":{"x":0,"y":0,"z":-237}}}}{"controlState":"CTRL_LANDED","flyState":"FLYING_OK","batteryPercentage":73,"rotation":{"frontBack":1.118,"pitch":1.118,"theta":1.118,"y":1.118,"leftRight":-1.529,"roll":-1.529,"phi":-1.529,"x":-1.529,"clockwise":2.349,"yaw":2.349,"psi":2.349,"z":2.349},"frontBackDegrees":1.118,"leftRightDegrees":-1.529,"clockwiseDegrees":2.349,"altitude":0,"altitudeMeters":0,"velocity":{"x":0,"y":0,"z":0},"xVelocity":0,"yVelocity":0,"zVelocity":0,"frameIndex":0,"detection":{"camera":{"rotation":{"m11":0,"m12":0,"m13":0,"m21":0,"m22":0,"m23":0,"m31":0,"m32":0,"m33":0},"translation":{"x":0,"y":0,"z":0},"type":3},"tagIndex":0},"drone":{"camera":{"rotation":{"m11":0.9989691972732544,"m12":-0.0415002703666687,"m13":0.018394282087683678,"m21":0.04098682105541229,"m22":0.998782217502594,"m23":0.0274630356580019,"m31":-0.01951160468161106,"m32":-0.026680802926421165,"m33":0.999453604221344},"translation":{"x":0,"y":0,"z":-237}}}}{"controlState":"CTRL_LANDED","flyState":"FLYING_OK","batteryPercentage":73,"rotation":{"frontBack":1.124,"pitch":1.124,"theta":1.124,"y":1.124,"leftRight":-1.535,"roll":-1.535,"phi":-1.535,"x":-1.535,"clockwise":2.349,"yaw":2.349,"psi":2.349,"z":2.349},"frontBackDegrees":1.124,"leftRightDegrees":-1.535,"clockwiseDegrees":2.349,"altitude":0,"altitudeMeters":0,"velocity":{"x":0,"y":0,"z":0},"xVelocity":0,"yVelocity":0,"zVelocity":0,"frameIndex":0,"detection":{"camera":{"rotation":{"m11":0,"m12":0,"m13":0,"m21":0,"m22":0,"m23":0,"m31":0,"m32":0,"m33":0},"translation":{"x":0,"y":0,"z":0},"type":3},"tagIndex":0},"drone":{"camera":{"rotation":{"m11":0.9989668726921082,"m12":-0.04150889813899994,"m13":0.018497923389077187,"m21":0.04099050164222717,"m22":0.9987789392471313,"m23":0.027573909610509872,"m31":-0.01961989887058735,"m32":-0.026787184178829193,"m33":0.9994485974311829},"translation":{"x":0,"y":0,"z":-237}}}}{"controlState":"CTRL_LANDED","flyState":"FLYING_OK","batteryPercentage":73,"rotation":{"frontBack":1.126,"pitch":1.126,"theta":1.126,"y":1.126,"leftRight":-1.543,"roll":-1.543,"phi":-1.543,"x":-1.543,"clockwise":2.35,"yaw":2.35,"psi":2.35,"z":2.35},"frontBackDegrees":1.126,"leftRightDegrees":-1.543,"clockwiseDegrees":2.35,"altitude":0,"altitudeMeters":0,"velocity":{"x":0,"y":0,"z":0},"xVelocity":0,"yVelocity":0,"zVelocity":0,"frameIndex":0,"detection":{"camera":{"rotation":{"m11":0,"m12":0,"m13":0,"m21":0,"m22":0,"m23":0,"m31":0,"m32":0,"m33":0},"translation":{"x":0,"y":0,"z":0},"type":3},"tagIndex":0},"drone":{"camera":{"rotation":{"m11":0.998965322971344,"m12":-0.04153497517108917,"m13":0.01852516457438469,"m21":0.04101290553808212,"m22":0.9987739324569702,"m23":0.02772349864244461,"m31":-0.01965394616127014,"m32":-0.026935040950775146,"m33":0.9994439482688904},"translation":{"x":0,"y":0,"z":-237}}}}{"controlState":"CTRL_LANDED","flyState":"FLYING_OK","batteryPercentage":73,"rotation":{"frontBack":1.12,"pitch":1.12,"theta":1.12,"y":1.12,"leftRight":-1.553,"roll":-1.553,"phi":-1.553,"x":-1.553,"clockwise":2.352,"yaw":2.352,"psi":2.352,"z":2.352},"frontBackDegrees":1.12,"leftRightDegrees":-1.553,"clockwiseDegrees":2.352,"altitude":0,"altitudeMeters":0,"velocity":{"x":0,"y":0,"z":0},"xVelocity":0,"yVelocity":0,"zVelocity":0,"frameIndex":0,"detection":{"camera":{"rotation":{"m11":0,"m12":0,"m13":0,"m21":0,"m22":0,"m23":0,"m31":0,"m32":0,"m33":0},"translation":{"x":0,"y":0,"z":0},"type":3},"tagIndex":0},"drone":{"camera":{"rotation":{"m11":0.9989657402038574,"m12":-0.04156850650906563,"m13":0.01842586323618889,"m21":0.041045840829610825,"m22":0.9987679719924927,"m23":0.027890393510460854,"m31":-0.019562523812055588,"m32":-0.027105243876576424,"m33":0.9994411468505859},"translation":{"x":0,"y":0,"z":-237}}}}{"controlState":"CTRL_LANDED","flyState":"FLYING_OK","batteryPercentage":73,"rotation":{"frontBack":1.115,"pitch":1.115,"theta":1.115,"y":1.115,"leftRight":-1.565,"roll":-1.565,"phi":-1.565,"x":-1.565,"clockwise":2.355,"yaw":2.355,"psi":2.355,"z":2.355},"frontBackDegrees":1.115,"leftRightDegrees":-1.565,"clockwiseDegrees":2.355,"altitude":0,"altitudeMeters":0,"velocity":{"x":0,"y":0,"z":0},"xVelocity":0,"yVelocity":0,"zVelocity":0,"frameIndex":0,"detection":{"camera":{"rotation":{"m11":0,"m12":0,"m13":0,"m21":0,"m22":0,"m23":0,"m31":0,"m32":0,"m33":0},"translation":{"x":0,"y":0,"z":0},"type":3},"tagIndex":0},"drone":{"camera":{"rotation":{"m11":0.9989652633666992,"m12":-0.0416223369538784,"m13":0.018329719081521034,"m21":0.04109829291701317,"m22":0.9987601041793823,"m23":0.02809419296681881,"m31":-0.019476337358355522,"m32":-0.02731180377304554,"m33":0.9994372129440308},"translation":{"x":0,"y":0,"z":-237}}}}{"controlState":"CTRL_LANDED","flyState":"FLYING_OK","batteryPercentage":73,"rotation":{"frontBack":1.123,"pitch":1.123,"theta":1.123,"y":1.123,"leftRight":-1.575,"roll":-1.575,"phi":-1.575,"x":-1.575,"clockwise":2.358,"yaw":2.358,"psi":2.358,"z":2.358},"frontBackDegrees":1.123,"leftRightDegrees":-1.575,"clockwiseDegrees":2.358,"altitude":0,"altitudeMeters":0,"velocity":{"x":0,"y":0,"z":0},"xVelocity":0,"yVelocity":0,"zVelocity":0,"frameIndex":0,"detection":{"camera":{"rotation":{"m11":0,"m12":0,"m13":0,"m21":0,"m22":0,"m23":0,"m31":0,"m32":0,"m33":0},"translation":{"x":0,"y":0,"z":0},"type":3},"tagIndex":0},"drone":{"camera":{"rotation":{"m11":0.9989607334136963,"m12":-0.04167598485946655,"m13":0.018454011529684067,"m21":0.041145049035549164,"m22":0.9987531304359436,"m23":0.028272120282053947,"m31":-0.019609268754720688,"m32":-0.027483446523547173,"m33":0.9994298815727234},"translation":{"x":0,"y":0,"z":-237}}}}{"controlState":"CTRL_LANDED","flyState":"FLYING_OK","batteryPercentage":73,"rotation":{"frontBack":1.133,"pitch":1.133,"theta":1.133,"y":1.133,"leftRight":-1.577,"roll":-1.577,"phi":-1.577,"x":-1.577,"clockwise":2.361,"yaw":2.361,"psi":2.361,"z":2.361},"frontBackDegrees":1.133,"leftRightDegrees":-1.577,"clockwiseDegrees":2.361,"altitude":0,"altitudeMeters":0,"velocity":{"x":0,"y":0,"z":0},"xVelocity":0,"yVelocity":0,"zVelocity":0,"frameIndex":0,"detection":{"camera":{"rotation":{"m11":0,"m12":0,"m13":0,"m21":0,"m22":0,"m23":0,"m31":0,"m32":0,"m33":0},"translation":{"x":0,"y":0,"z":0},"type":3},"tagIndex":0},"drone":{"camera":{"rotation":{"m11":0.9989554286003113,"m12":-0.041725143790245056,"m13":0.018628280609846115,"m21":0.04118857532739639,"m22":0.9987500905990601,"m23":0.028313836082816124,"m31":-0.019786395132541656,"m32":-0.027516989037394524,"m33":0.99942547082901},"translation":{"x":0,"y":0,"z":-237}}}}{"controlState":"CTRL_LANDED","flyState":"FLYING_OK","batteryPercentage":73,"rotation":{"frontBack":1.136,"pitch":1.136,"theta":1.136,"y":1.136,"leftRight":-1.582,"roll":-1.582,"phi":-1.582,"x":-1.582,"clockwise":2.362,"yaw":2.362,"psi":2.362,"z":2.362},"frontBackDegrees":1.136,"leftRightDegrees":-1.582,"clockwiseDegrees":2.362,"altitude":0,"altitudeMeters":0,"velocity":{"x":0,"y":0,"z":0},"xVelocity":0,"yVelocity":0,"zVelocity":0,"frameIndex":0,"detection":{"camera":{"rotation":{"m11":0,"m12":0,"m13":0,"m21":0,"m22":0,"m23":0,"m31":0,"m32":0,"m33":0},"translation":{"x":0,"y":0,"z":0},"type":3},"tagIndex":0},"drone":{"camera":{"rotation":{"m11":0.998953640460968,"m12":-0.04174725338816643,"m13":0.01867520436644554,"m21":0.04120747372508049,"m22":0.9987466335296631,"m23":0.028410404920578003,"m31":-0.01983785256743431,"m32":-0.02761112153530121,"m33":0.9994218945503235},"translation":{"x":0,"y":0,"z":-237}}}}{"controlState":"CTRL_LANDED","flyState":"FLYING_OK","batteryPercentage":73,"rotation":{"frontBack":1.13,"pitch":1.13,"theta":1.13,"y":1.13,"leftRight":-1.592,"roll":-1.592,"phi":-1.592,"x":-1.592,"clockwise":2.363,"yaw":2.363,"psi":2.363,"z":2.363},"frontBackDegrees":1.13,"leftRightDegrees":-1.592,"clockwiseDegrees":2.363,"altitude":0,"altitudeMeters":0,"velocity":{"x":0,"y":0,"z":0},"xVelocity":0,"yVelocity":0,"zVelocity":0,"frameIndex":0,"detection":{"camera":{"rotation":{"m11":0,"m12":0,"m13":0,"m21":0,"m22":0,"m23":0,"m31":0,"m32":0,"m33":0},"translation":{"x":0,"y":0,"z":0},"type":3},"tagIndex":0},"drone":{"camera":{"rotation":{"m11":0.9989545941352844,"m12":-0.04177369922399521,"m13":0.018565068021416664,"m21":0.04123372584581375,"m22":0.9987408518791199,"m23":0.028573989868164062,"m31":-0.01973533444106579,"m32":-0.027778610587120056,"m33":0.9994192123413086},"translation":{"x":0,"y":0,"z":-237}}}}{"controlState":"CTRL_LANDED","flyState":"FLYING_OK","batteryPercentage":73,"rotation":{"frontBack":1.131,"pitch":1.131,"theta":1.131,"y":1.131,"leftRight":-1.6,"roll":-1.6,"phi":-1.6,"x":-1.6,"clockwise":2.365,"yaw":2.365,"psi":2.365,"z":2.365},"frontBackDegrees":1.131,"leftRightDegrees":-1.6,"clockwiseDegrees":2.365,"altitude":0,"altitudeMeters":0,"velocity":{"x":0,"y":0,"z":0},"xVelocity":0,"yVelocity":0,"zVelocity":0,"frameIndex":0,"detection":{"camera":{"rotation":{"m11":0,"m12":0,"m13":0,"m21":0,"m22":0,"m23":0,"m31":0,"m32":0,"m33":0},"translation":{"x":0,"y":0,"z":0},"type":3},"tagIndex":0},"drone":{"camera":{"rotation":{"m11":0.9989531636238098,"m12":-0.04180891811847687,"m13":0.018561678007245064,"m21":0.041266217827796936,"m22":0.9987354278564453,"m23":0.028716620057821274,"m31":-0.01973881758749485,"m32":-0.027920588850975037,"m33":0.9994152188301086},"translation":{"x":0,"y":0,"z":-237}}}}{"controlState":"CTRL_LANDED","flyState":"FLYING_OK","batteryPercentage":73,"rotation":{"frontBack":1.136,"pitch":1.136,"theta":1.136,"y":1.136,"leftRight":-1.6,"roll":-1.6,"phi":-1.6,"x":-1.6,"clockwise":2.367,"yaw":2.367,"psi":2.367,"z":2.367},"frontBackDegrees":1.136,"leftRightDegrees":-1.6,"clockwiseDegrees":2.367,"altitude":0,"altitudeMeter